1198921379 1 0 0 0 0 0 0 0 0 0 0 0 0 0 0 0 0 0 0 0
1198927516 2 0 0 0 0 0 0 0 0 0 0 0 0 0 0 0 0 0 0 0
1198927991 3 0 0 0 0 0 0 0 0 0 0 0 0 0 0 0 0 0 0 0
1198928258 4 0 0 0 0 0 0 0 0 0 0 0 0 0 0 0 0 0 0 0
1198928485 5 0 0 0 0 0 0 0 0 0 0 0 0 0 0 0 0 0 0 0
1198929311 6 0 0 0 0 0 0 0 0 0 0 0 0 0 0 0 0 0 0 0
1198930000 7 0 0 0 0 0 0 0 0 0 0 0 0 0 0 0 0 0 0 0
1198930893 8 0 0 0 0 0 0 0 0 0 0 0 0 0 0 0 0 0 0 0
1198932645 9 0 0 0 0 0 0 0 0 0 0 0 0 0 0 0 0 0 0 0
1198937803 10 0 0 0 0 0 0 0 0 0 0 0 0 0 0 0 0 0 0 0
1198937835 11 0 0 0 0 0 0 0 0 0 0 0 0 0 0 0 0 0 0 0
1198940086 12 0 0 0 0 0 0 0 0 0 0 0 0 0 0 0 0 0 0 0
1198940123 13 0 0 0 0 0 0 0 0 0 0 0 0 0 0 0 0 0 0 0
1198940718 14 0 0 0 0 0 0 0 0 0 0 0 0 0 0 0 0 0 0 0
1198940785 15 0 0 0 0 0 0 0 0 0 0 0 0 0 0 0 0 0 0 0
1198970926 16 0 0 0 0 0 0 0 0 0 0 0 0 0 0 0 0 0 0 0
1198975067 17 0 0 0 0 0 0 0 0 0 0 0 0 0 0 0 0 0 0 0
1198978891 18 0 0 0 0 0 0 0 0 0 0 0 0 0 0 0 0 0 0 0
1198981490 19 0 0 0 0 0 0 0 0 0 0 0 0 0 0 0 0 0 0 0
1198984550 20 0 0 0 0 0 0 0 0 0 0 0 0 0 0 0 0 0 0 0
1198986057 21 0 0 0 0 0 0 0 0 0 0 0 0 0 0 0 0 0 0 0
1198987278 22 0 0 0 0 0 0 0 0 0 0 0 0 0 0 0 0 0 0 0
1198989113 23 0 0 0 0 0 0 0 0 0 0 0 0 0 0 0 0 0 0 0
1198992843 24 0 0 0 0 0 0 0 0 0 0 0 0 0 0 0 0 0 0 0
1198996918 25 0 0 0 0 0 0 0 0 0 0 0 0 0 0 0 0 0 0 0
1198997000 26 0 0 0 0 0 0 0 0 0 0 0 0 0 0 0 0 0 0 0
1198998801 27 0 0 0 0 0 0 0 0 0 0 0 0 0 0 0 0 0 0 0
1198999122 28 0 0 0 0 0 0 0 0 0 0 0 0 0 0 0 0 0 0 0
1199264132 29 0 0 0 0 0 0 0 0 0 0 0 0 0 0 0 0 0 0 0
1199275157 30 0 0 0 0 0 0 0 0 0 0 0 0 0 0 0 0 0 0 0
1199275181 31 0 0 0 0 0 0 0 0 0 0 0 0 0 0 0 0 0 0 0
1199346098 32 0 0 0 0 0 0 0 0 0 0 0 0 0 0 0 0 0 0 0
1199437641 33 0 0 0 0 0 0 0 0 0 0 0 0 0 0 0 0 0 0 0
1199439882 34 0 0 0 0 0 0 0 0 0 0 0 0 0 0 0 0 0 0 0
1199442414 35 0 0 0 0 0 0 0 0 0 0 0 0 0 0 0 0 0 0 0
1199444945 36 0 0 0 0 0 0 0 0 0 0 0 0 0 0 0 0 0 0 0
1199449879 37 0 0 0 0 0 0 0 0 0 0 0 0 0 0 0 0 0 0 0
1199455016 38 0 0 0 0 0 0 0 0 0 0 0 0 0 0 0 0 0 0 0
1199486433 39 0 0 0 0 0 0 0 0 0 0 0 0 0 0 0 0 0 0 0
1199498053 40 0 0 0 0 0 0 0 0 0 0 0 0 0 0 0 0 0 0 0
1199502929 41 0 0 0 0 0 0 0 0 0 0 0 0 0 0 0 0 0 0 0
1199580745 42 0 0 0 0 0 0 0 0 0 0 0 0 0 0 0 0 0 0 0
1199586163 43 0 0 0 0 0 0 0 0 0 0 0 0 0 0 0 0 0 0 0
1199586239 44 0 0 0 0 0 0 0 0 0 0 0 0 0 0 0 0 0 0 0
1199586298 45 0 0 0 0 0 0 0 0 0 0 0 0 0 0 0 0 0 0 0
1199586324 46 0 0 0 0 0 0 0 0 0 0 0 0 0 0 0 0 0 0 0
1199586376 47 0 0 0 0 0 0 0 0 0 0 0 0 0 0 0 0 0 0 0
1199587373 48 0 0 0 0 0 0 0 0 0 0 0 0 0 0 0 0 0 0 0
1199587422 49 0 0 0 0 0 0 0 0 0 0 0 0 0 0 0 0 0 0 0
1199590312 50 0 0 0 0 0 0 0 0 0 0 0 0 0 0 0 0 0 0 0
1199689422 51 0 0 0 0 0 0 0 0 0 0 0 0 0 0 0 0 0 0 0
1199689715 52 0 0 0 0 0 0 0 0 0 0 0 0 0 0 0 0 0 0 0
1199692407 53 0 0 0 0 0 0 0 0 0 0 0 0 0 0 0 0 0 0 0
1199864824 54 0 0 0 0 0 0 0 0 0 0 0 0 0 0 0 0 0 0 0
1199866861 55 0 0 0 0 0 0 0 0 0 0 0 0 0 0 0 0 0 0 0
1199867550 56 0 0 0 0 0 0 0 0 0 0 0 0 0 0 0 0 0 0 0
1199867664 57 0 0 0 0 0 0 0 0 0 0 0 0 0 0 0 0 0 0 0
1199869697 58 0 0 0 0 0 0 0 0 0 0 0 0 0 0 0 0 0 0 0
1199880753 59 0 0 0 0 0 0 0 0 0 0 0 0 0 0 0 0 0 0 0
1199881640 60 0 0 0 0 0 0 0 0 0 0 0 0 0 0 0 0 0 0 0
1199881665 61 0 0 0 0 0 0 0 0 0 0 0 0 0 0 0 0 0 0 0
1199950883 62 0 0 0 0 0 0 0 0 0 0 0 0 0 0 0 0 0 0 0
1199952881 63 0 0 0 0 0 0 0 0 0 0 0 0 0 0 0 0 0 0 0
1199953199 64 0 0 0 0 0 0 0 0 0 0 0 0 0 0 0 0 0 0 0
1199954058 65 0 0 0 0 0 0 0 0 0 0 0 0 0 0 0 0 0 0 0
1200035756 66 0 0 0 0 0 0 0 0 0 0 0 0 0 0 0 0 0 0 0
1200036072 67 0 0 0 0 0 0 0 0 0 0 0 0 0 0 0 0 0 0 0
1200036506 68 0 0 0 0 0 0 0 0 0 0 0 0 0 0 0 0 0 0 0
1200387466 69 0 0 0 0 0 0 0 0 0 0 0 0 0 0 0 0 0 0 0
1200387731 70 0 0 0 0 0 0 0 0 0 0 0 0 0 0 0 0 0 0 0
1200387986 71 0 0 0 0 0 0 0 0 0 0 0 0 0 0 0 0 0 0 0
1200388822 72 0 0 0 0 0 0 0 0 0 0 0 0 0 0 0 0 0 0 0
1200389313 73 0 0 0 0 0 0 0 0 0 0 0 0 0 0 0 0 0 0 0
1200390793 74 0 0 0 0 0 0 0 0 0 0 0 0 0 0 0 0 0 0 0
1200391927 75 0 0 0 0 0 0 0 0 0 0 0 0 0 0 0 0 0 0 0
1200392318 76 0 0 0 0 0 0 0 0 0 0 0 0 0 0 0 0 0 0 0
1200393724 77 0 0 0 0 0 0 0 0 0 0 0 0 0 0 0 0 0 0 0
1200394755 78 0 0 0 0 0 0 0 0 0 0 0 0 0 0 0 0 0 0 0
1200398222 79 0 0 0 0 0 0 0 0 0 0 0 0 0 0 0 0 0 0 0
1200398693 80 0 0 0 0 0 0 0 0 0 0 0 0 0 0 0 0 0 0 0
1200398787 81 0 0 0 0 0 0 0 0 0 0 0 0 0 0 0 0 0 0 0
1200449977 82 0 0 0 0 0 0 0 0 0 0 0 0 0 0 0 0 0 0 0
1200449999 83 0 0 0 0 0 0 0 0 0 0 0 0 0 0 0 0 0 0 0
1200450013 84 0 0 0 0 0 0 0 0 0 0 0 0 0 0 0 0 0 0 0
1200450032 85 0 0 0 0 0 0 0 0 0 0 0 0 0 0 0 0 0 0 0
1200450084 86 0 0 0 0 0 0 0 0 0 0 0 0 0 0 0 0 0 0 0
1200450159 87 0 0 0 0 0 0 0 0 0 0 0 0 0 0 0 0 0 0 0
1200466240 88 0 0 0 0 0 0 0 0 0 0 0 0 0 0 0 0 0 0 0
1200466688 89 0 0 0 0 0 0 0 0 0 0 0 0 0 0 0 0 0 0 0
1200466754 90 0 0 0 0 0 0 0 0 0 0 0 0 0 0 0 0 0 0 0
1200467054 91 0 0 0 0 0 0 0 0 0 0 0 0 0 0 0 0 0 0 0
1200468920 92 0 0 0 0 0 0 0 0 0 0 0 0 0 0 0 0 0 0 0
1200718703 93 0 0 0 0 0 0 0 0 0 0 0 0 0 0 0 0 0 0 0
1200721780 94 0 0 0 0 0 0 0 0 0 0 0 0 0 0 0 0 0 0 0
1200723193 95 0 0 0 0 0 0 0 0 0 0 0 0 0 0 0 0 0 0 0
1200726885 96 0 0 0 0 0 0 0 0 0 0 0 0 0 0 0 0 0 0 0
1200726985 97 0 0 0 0 0 0 0 0 0 0 0 0 0 0 0 0 0 0 0
1200728450 98 0 0 0 0 0 0 0 0 0 0 0 0 0 0 0 0 0 0 0
1200729555 99 0 0 0 0 0 0 0 0 0 0 0 0 0 0 0 0 0 0 0
1201395366 100 0 0 0 0 0 0 0 0 0 0 0 0 0 0 0 0 0 0 0
1202453677 101 0 0 0 0 0 0 0 0 0 0 0 0 0 0 0 0 0 0 0
1202453836 102 0 0 0 0 0 0 0 0 0 0 0 0 0 0 0 0 0 0 0
1202454143 103 0 0 0 0 0 0 0 0 0 0 0 0 0 0 0 0 0 0 0
1202455457 104 0 0 0 0 0 0 0 0 0 0 0 0 0 0 0 0 0 0 0
1202526164 105 0 0 0 0 0 0 0 0 0 0 0 0 0 0 0 0 0 0 0
1202530758 106 0 0 0 0 0 0 0 0 0 0 0 0 0 0 0 0 0 0 0
1202532251 107 0 0 0 0 0 0 0 0 0 0 0 0 0 0 0 0 0 0 0
1202532743 108 0 0 0 0 0 0 0 0 0 0 0 0 0 0 0 0 0 0 0
1202533880 109 0 0 0 0 0 0 0 0 0 0 0 0 0 0 0 0 0 0 0
1202535064 110 0 0 0 0 0 0 0 0 0 0 0 0 0 0 0 0 0 0 0
1202535217 111 0 0 0 0 0 0 0 0 0 0 0 0 0 0 0 0 0 0 0
1202536851 112 0 0 0 0 0 0 0 0 0 0 0 0 0 0 0 0 0 0 0
1202537607 113 0 0 0 0 0 0 0 0 0 0 0 0 0 0 0 0 0 0 0
1202538253 114 0 0 0 0 0 0 0 0 0 0 0 0 0 0 0 0 0 0 0
1202538810 115 0 0 0 0 0 0 0 0 0 0 0 0 0 0 0 0 0 0 0
1202538943 116 0 0 0 0 0 0 0 0 0 0 0 0 0 0 0 0 0 0 0
1202539167 117 0 0 0 0 0 0 0 0 0 0 0 0 0 0 0 0 0 0 0
1203311294 117 0 0 0 0 0 0 1 0 0 0 0 0 0 0 0 0 0 0 0
1203581383 118 0 0 0 0 0 0 1 0 0 0 0 0 0 0 0 0 0 0 0
1203581410 119 0 0 0 0 0 0 1 0 0 0 0 0 0 0 0 0 0 0 0
1203581469 120 0 0 0 0 0 0 5 0 0 0 0 0 0 0 0 0 0 0 0
1203581890 121 0 0 0 0 0 0 5 0 0 0 0 0 0 0 0 0 0 0 0
1203582574 122 0 0 0 0 0 0 5 0 0 0 0 0 0 0 0 0 0 0 0
1203582749 123 0 0 0 0 0 0 5 0 0 0 0 0 0 0 0 0 0 0 0
1203583090 124 0 0 0 0 0 0 5 0 0 0 0 0 0 0 0 0 0 0 0
1203583250 125 0 0 0 0 0 0 5 0 0 0 0 0 0 0 0 0 0 0 0
1203584214 126 0 0 0 0 0 0 5 0 0 0 0 0 0 0 0 0 0 0 0
1203590399 127 0 0 0 0 0 0 5 0 0 0 0 0 0 0 0 0 0 0 0
1203737969 128 0 0 0 0 0 0 5 0 0 0 0 0 0 0 0 0 0 0 0
1203739295 129 0 0 0 0 0 0 5 0 0 0 0 0 0 0 0 0 0 0 0
1204268104 130 0 0 0 0 0 0 5 0 0 0 0 0 0 0 0 0 0 0 0
1204284115 131 0 0 0 0 0 0 5 0 0 0 0 0 0 2 0 0 0 0 0
1204285679 132 0 0 0 0 0 0 5 0 0 0 0 0 0 2 0 0 0 0 0
1204291243 133 0 0 0 0 0 0 5 0 0 0 0 0 0 2 0 0 0 0 0
1205906507 134 0 0 0 0 0 0 5 0 0 0 0 0 0 2 0 0 0 0 0
1207977829 135 0 0 0 0 0 0 5 0 0 0 0 0 0 2 0 0 0 0 0
1207982072 136 0 0 0 0 0 0 5 0 0 0 0 0 0 2 0 0 0 0 0
1207984440 137 0 0 0 0 0 0 5 0 0 0 0 0 0 2 0 0 0 0 0
1207987213 138 0 0 0 0 0 0 5 0 0 0 0 0 0 2 0 0 0 0 0
1208046416 139 0 0 0 0 0 0 5 0 0 0 0 0 0 2 0 0 0 0 0
1208053836 140 0 0 0 0 0 0 5 0 0 2 0 0 0 2 0 0 0 0 0
1208056097 141 0 0 0 0 0 0 5 0 0 2 0 0 0 2 0 0 0 0 0
1208065631 142 0 0 0 0 0 0 5 0 0 2 0 0 0 2 0 0 0 0 0
1208069450 143 0 0 0 0 0 0 5 0 0 2 0 0 0 2 0 0 0 0 0
1208070229 144 0 0 0 0 0 0 5 0 0 2 0 0 0 2 0 0 0 0 0
1208157632 145 0 0 0 0 0 0 5 0 0 2 0 0 0 2 0 0 0 0 0
1208157658 149 0 0 0 0 0 0 5 0 0 2 0 0 0 2 0 0 0 0 0
1208169336 153 0 0 0 0 0 0 5 0 0 2 0 0 0 2 0 0 0 0 0
1208171917 154 0 0 0 0 0 0 5 0 0 2 0 0 0 2 0 0 0 0 0
1208172462 155 0 0 0 0 0 0 5 0 0 2 0 0 0 2 0 0 0 0 0
1208334655 156 0 0 0 0 0 0 5 0 0 2 0 0 0 2 0 0 0 0 0
1208336934 157 0 0 0 0 0 0 5 0 0 2 0 0 0 2 0 0 0 0 0
1208338292 158 0 0 0 0 0 0 5 0 0 2 0 0 0 2 0 0 0 0 0
1208339673 159 0 0 0 0 0 0 6 0 0 2 0 0 0 2 0 0 0 0 0
1208422443 160 0 0 0 0 0 0 6 0 0 2 0 0 0 2 0 0 0 0 0
1208422605 161 0 0 0 0 0 0 6 0 0 2 0 0 0 2 0 0 0 0 0
1208557351 162 0 0 0 0 0 0 6 0 0 2 0 0 0 2 0 0 0 0 0
1208559038 163 0 0 0 0 0 0 6 0 0 2 0 0 0 2 0 0 0 0 0
1208562485 164 0 0 0 0 0 0 6 0 0 2 0 0 0 2 0 0 0 0 0
1208563429 165 0 0 0 0 0 0 6 0 0 2 0 0 0 2 0 0 0 0 0
1208565789 166 0 0 0 0 0 0 6 0 0 2 0 0 0 2 0 0 0 0 0
1208565815 167 0 0 0 0 0 0 6 0 0 2 0 0 0 2 0 0 0 0 0
1208569071 168 0 0 0 0 0 0 6 0 0 2 0 0 0 2 0 0 0 0 0
1208587523 169 0 0 0 0 0 0 6 0 0 2 0 0 0 2 0 0 0 0 0
1208587751 170 0 0 0 0 0 0 6 0 0 2 0 0 0 2 0 0 0 0 0
1208588103 171 0 0 0 0 0 0 6 0 0 2 0 0 0 2 0 0 0 0 0
1208590133 172 0 0 0 0 0 0 6 0 0 2 0 0 0 2 0 0 0 0 0
1208592666 173 0 0 0 0 0 0 6 0 0 2 0 0 0 2 0 0 0 0 0
1208593870 174 0 0 0 0 0 0 6 0 0 2 0 0 0 2 0 0 0 0 0
1208664933 175 0 0 0 0 0 0 6 0 0 2 0 0 0 2 0 0 0 0 0
1208665364 176 0 0 0 0 0 0 6 0 0 2 0 0 0 2 0 0 0 0 0
1208666450 177 0 0 0 0 0 0 6 0 0 2 0 0 0 2 0 0 0 0 0
1208667592 178 0 0 0 0 0 0 6 0 0 2 0 0 0 2 0 0 0 0 0
1208667975 179 0 0 0 0 0 0 6 0 0 2 0 0 0 2 0 0 0 0 0
1208690438 180 0 0 0 0 0 0 6 0 0 2 0 0 0 2 0 0 0 0 0
1208692084 181 0 0 0 0 0 0 6 0 0 2 0 0 0 2 0 0 0 0 0
1208773734 182 0 0 0 0 0 0 6 0 0 2 0 0 0 2 0 0 0 0 0
1208785674 183 0 0 0 0 0 0 6 0 0 2 0 0 0 2 0 0 0 0 0
1208846732 184 0 0 0 0 0 0 6 0 0 2 0 0 0 2 0 0 0 0 0
1208847067 185 0 0 0 0 0 0 6 0 0 2 0 0 0 2 0 0 0 0 0
1208847504 186 0 0 0 0 0 0 6 0 0 2 0 0 0 2 0 0 0 0 0
1208847612 187 0 0 0 0 0 0 6 0 0 2 0 0 0 2 0 0 0 0 0
1208863350 188 0 0 0 0 0 0 6 0 0 2 0 0 0 2 0 0 0 0 0
1208863577 189 0 0 0 0 0 0 6 0 0 2 0 0 0 2 0 0 0 0 0
1208863743 190 0 0 0 0 0 0 6 0 0 2 0 0 0 2 0 0 0 0 0
1208956665 191 0 0 0 0 0 0 6 0 0 2 0 0 0 2 0 0 0 0 0
1208956723 192 0 0 0 0 0 0 6 0 0 2 0 0 0 2 0 0 0 0 0
1209011330 193 0 0 0 0 0 0 6 0 0 2 0 0 0 2 0 0 0 0 0
1209011555 194 0 0 0 0 0 0 6 0 0 2 0 0 0 2 0 0 0 0 0
1209016354 195 0 0 0 0 0 0 6 0 0 2 0 0 0 2 0 0 0 0 0
1209016620 196 0 0 0 0 0 0 6 0 0 2 0 0 0 2 0 0 0 0 0
1209016700 197 0 0 0 0 0 0 6 0 0 2 0 0 0 2 0 0 0 0 0
1209371839 198 0 0 0 0 0 0 6 0 0 2 0 0 0 2 0 0 0 0 0
1209372037 199 0 0 0 0 0 0 6 0 0 2 0 0 0 2 0 0 0 0 0
1209372636 200 0 0 0 0 0 0 6 0 0 2 0 0 0 2 0 0 0 0 0
1209372756 201 0 0 0 0 0 0 6 0 0 2 0 0 0 2 0 0 0 0 0
1209380854 202 0 0 0 0 0 0 6 0 0 2 0 0 0 2 0 0 0 0 0
1209381831 203 0 0 0 0 0 0 6 0 0 2 0 0 0 2 0 0 0 0 0
1209793985 204 0 0 0 0 0 0 6 0 0 2 0 0 0 2 0 0 0 0 0
1209794876 205 0 0 0 0 0 0 6 0 0 2 0 0 0 2 0 0 0 0 0
1210990027 206 0 0 0 0 0 0 6 0 0 2 0 0 0 2 0 0 0 0 0
1210991494 207 0 0 0 0 0 0 6 0 0 2 0 0 0 2 0 0 0 0 0
1210991797 208 0 0 0 0 0 0 6 0 0 2 1 0 0 2 0 0 0 0 0
1210992404 209 0 0 0 0 0 0 6 0 0 2 2 0 0 2 0 0 0 0 0
1210993099 210 0 0 0 0 0 0 6 0 0 2 2 0 0 2 0 0 0 0 0
1210993502 211 0 0 0 0 0 0 6 0 0 2 2 0 0 2 0 0 0 0 0
1210995602 212 0 0 0 0 0 0 6 0 0 2 2 0 0 2 0 0 0 0 0
1211005216 213 0 0 0 0 0 0 6 0 0 2 2 0 0 2 0 0 0 0 0
1216423497 214 0 0 0 0 0 0 6 0 0 2 2 0 0 2 0 0 0 0 0
1219483820 214 0 0 0 0 0 0 6 0 0 2 2 1 0 2 0 0 0 0 0
1219738240 214 0 0 0 0 0 0 6 0 0 2 2 2 0 2 0 0 0 0 0
1219876118 215 0 0 0 0 0 0 6 0 0 2 2 2 0 2 0 0 0 0 0
1219876742 216 0 0 0 0 0 0 6 0 0 2 2 2 0 2 0 0 0 0 0
1219877383 217 0 0 0 0 0 0 6 0 0 2 2 2 0 2 0 0 0 0 0
1220477771 218 0 0 0 0 0 0 6 0 0 2 2 2 0 2 0 0 0 0 0
1221333531 218 0 0 0 0 0 0 6 0 0 2 2 2 0 2 0 0 0 0 1
1221786146 219 0 0 0 0 0 0 6 0 0 2 2 2 0 2 0 0 0 0 1
1221786619 221 0 0 0 0 0 0 6 0 0 2 2 2 0 2 0 0 0 0 1
1221788713 224 0 0 0 0 0 0 6 0 0 2 2 2 0 2 0 0 0 0 1
1221789708 225 0 0 0 0 0 0 6 0 0 2 2 2 0 2 0 0 0 0 1
1221791470 226 0 0 0 0 0 0 6 0 0 2 2 2 0 2 0 0 0 0 1
1221791617 227 0 0 0 0 0 0 6 0 0 2 2 2 0 2 0 0 0 0 1
1222805695 228 0 0 0 0 0 0 6 0 0 2 2 2 0 2 0 0 0 0 1
1222907538 229 0 0 0 0 0 0 6 0 0 2 2 2 0 2 0 0 0 0 1
1222963314 230 0 0 0 0 0 0 6 0 0 2 2 2 0 2 0 0 0 0 1
1223456714 230 0 1 0 0 0 0 6 0 0 2 2 2 0 2 0 0 0 0 1
1223457034 230 0 2 0 0 0 0 6 0 0 2 2 2 0 2 0 0 0 0 1
1223458307 230 0 3 0 0 0 0 6 0 0 2 2 2 0 2 0 0 0 0 1
1223458344 230 0 4 0 0 0 0 6 0 0 2 2 2 0 2 0 0 0 0 1
1223459888 230 0 5 0 0 0 0 6 0 0 2 2 2 0 2 0 0 0 0 1
1223460955 230 0 6 0 0 0 0 6 0 0 2 2 2 0 2 0 0 0 0 1
1223461041 230 0 7 0 0 0 0 6 0 0 2 2 2 0 2 0 0 0 0 1
1223474101 230 0 8 0 0 0 0 6 0 0 2 2 2 0 2 0 0 0 0 1
1223478403 231 0 8 0 0 0 0 6 0 0 2 2 2 0 2 0 0 0 0 1
1223478600 231 0 9 0 0 0 0 6 0 0 2 2 2 0 2 0 0 0 0 1
1223479405 232 0 9 0 0 0 0 6 0 0 2 2 2 0 2 0 0 0 0 1
1223524938 232 0 10 0 0 0 0 6 0 0 2 2 2 0 2 0 0 0 0 1
1223525675 232 0 11 0 0 0 0 6 0 0 2 2 2 0 2 0 0 0 0 1
1223531537 232 0 12 0 0 0 0 6 0 0 2 2 2 0 2 0 0 0 0 1
1223688966 233 0 12 0 0 0 0 6 0 0 2 2 2 0 2 0 0 0 0 1
1223688979 234 0 12 0 0 0 0 6 0 0 2 2 2 0 2 0 0 0 0 1
1223688993 235 0 12 0 0 0 0 6 0 0 2 2 2 0 2 0 0 0 0 1
1223689101 236 0 12 0 0 0 0 6 0 0 2 2 2 0 2 0 0 0 0 1
1223785978 237 0 12 0 0 0 0 6 0 0 2 2 2 0 2 0 0 0 0 1
1223786060 238 0 12 0 0 0 0 6 0 0 2 2 2 0 2 0 0 0 0 1
1223786164 239 0 12 0 0 0 0 6 0 0 2 2 2 0 2 0 0 0 0 1
1223786445 240 0 12 0 0 0 0 6 0 0 2 2 2 0 2 0 0 0 0 1
1223786457 241 0 12 0 0 0 0 6 0 0 2 2 2 0 2 0 0 0 0 1
1223786652 242 0 12 0 0 0 0 6 0 0 2 2 2 0 2 0 0 0 0 1
1223788079 243 0 12 0 0 0 0 6 0 0 2 2 2 0 2 0 0 0 0 1
1223788088 244 0 12 0 0 0 0 6 0 0 2 2 2 0 2 0 0 0 0 1
1223788113 245 0 12 0 0 0 0 6 0 0 2 2 2 0 2 0 0 0 0 1
1223788188 246 0 12 0 0 0 0 6 0 0 2 2 2 0 2 0 0 0 0 1
1223788238 247 0 12 0 0 0 0 6 0 0 2 2 2 0 2 0 0 0 0 1
1224288582 248 0 12 0 0 0 0 6 0 0 2 2 2 0 2 0 0 0 0 1
1224739357 249 0 12 0 0 0 0 6 0 0 2 2 2 0 2 0 0 0 0 1
1224740229 250 0 12 0 0 0 0 6 0 0 2 2 2 0 2 0 0 0 0 1
1225229911 251 0 12 0 0 0 0 6 0 0 2 2 2 0 2 0 0 0 0 1
1225229924 252 0 12 0 0 0 0 6 0 0 2 2 2 0 2 0 0 0 0 1
1225467055 252 0 13 0 0 0 0 6 0 0 2 2 2 0 2 0 0 0 0 1
1225938385 253 0 13 0 0 0 0 6 0 0 2 2 2 0 2 0 0 0 0 1
1225938439 254 0 13 0 0 0 0 6 0 0 2 2 2 0 2 0 0 0 0 1
1225938845 255 0 13 0 0 0 0 6 0 0 2 2 2 0 2 0 0 0 0 1
1226022772 256 0 13 0 0 0 0 6 0 0 2 2 2 0 2 0 0 0 0 1
1226022954 257 0 13 0 0 0 0 6 0 0 2 2 2 0 2 0 0 0 0 1
1226039061 257 0 14 0 0 0 0 6 0 0 2 2 2 0 2 0 0 0 0 1
1226202577 257 0 15 0 0 0 0 6 0 0 2 2 2 0 2 0 0 0 0 1
1226203446 257 0 16 0 0 0 0 6 0 0 2 2 2 0 2 0 0 0 0 1
1226223459 257 0 17 0 0 0 0 6 0 0 2 2 2 0 2 0 0 0 0 1
1226703490 257 0 18 0 0 0 0 6 0 0 2 2 2 0 2 0 0 0 0 1
1226719791 257 0 19 0 0 0 0 6 0 0 2 2 2 0 2 0 0 0 0 1
1226737672 257 0 20 0 0 0 0 6 0 0 2 2 2 0 2 0 0 0 0 1
1226738829 257 0 21 0 0 0 0 6 0 0 2 2 2 0 2 0 0 0 0 1
1226739664 257 0 22 0 0 0 0 6 0 0 2 2 2 0 2 0 0 0 0 1
1226740529 257 0 23 0 0 0 0 6 0 0 2 2 2 0 2 0 0 0 0 1
1226741240 257 0 24 0 0 0 0 6 0 0 2 2 2 0 2 0 0 0 0 1
1226785277 257 0 25 0 0 0 0 6 0 0 2 2 2 0 2 0 0 0 0 1
1226790530 257 0 26 0 0 0 0 6 0 0 2 2 2 0 2 0 0 0 0 1
1226820548 257 0 27 0 0 0 0 6 0 0 2 2 2 0 2 0 0 0 0 1
1226823997 257 0 28 0 0 0 0 6 0 0 2 2 2 0 2 0 0 0 0 1
1226829505 257 0 29 0 0 0 0 6 0 0 2 2 2 0 2 0 0 0 0 1
1226829549 257 0 30 0 0 0 0 6 0 0 2 2 2 0 2 0 0 0 0 1
1226842761 257 0 31 0 0 0 0 6 0 0 2 2 2 0 2 0 0 0 0 1
1226844172 257 0 32 0 0 0 0 6 0 0 2 2 2 0 2 0 0 0 0 1
1226850043 257 0 33 0 0 0 0 6 0 0 2 2 2 0 2 0 0 0 0 1
1226897503 257 0 34 0 0 0 0 6 0 0 2 2 2 0 2 0 0 0 0 1
1226897965 257 0 35 0 0 0 0 6 0 0 2 2 2 0 2 0 0 0 0 1
1226898332 257 0 36 0 0 0 0 6 0 0 2 2 2 0 2 0 0 0 0 1
1226899231 257 0 37 0 0 0 0 6 0 0 2 2 2 0 2 0 0 0 0 1
1226912991 257 0 38 0 0 0 0 6 0 0 2 2 2 0 2 0 0 0 0 1
1226919587 257 0 39 0 0 0 0 6 0 0 2 2 2 0 2 0 0 0 0 1
1226920592 257 0 40 0 0 0 0 6 0 0 2 2 2 0 2 0 0 0 0 1
1226936173 257 0 41 0 0 0 0 6 0 0 2 2 2 0 2 0 0 0 0 1
1226936504 257 0 42 0 0 0 0 6 0 0 2 2 2 0 2 0 0 0 0 1
1226993461 257 0 43 0 0 0 0 6 0 0 2 2 2 0 2 0 0 0 0 1
1226999433 257 0 44 0 0 0 0 6 0 0 2 2 2 0 2 0 0 0 0 1
1227000252 257 0 45 0 0 0 0 6 0 0 2 2 2 0 2 0 0 0 0 1
1227542259 257 0 46 0 0 0 0 6 0 0 2 2 2 0 2 0 0 0 0 1
1228118771 258 0 46 0 0 0 0 6 0 0 2 2 2 0 2 0 0 0 0 1
1228123226 259 0 46 0 0 0 0 6 0 0 2 2 2 0 2 0 0 0 0 1
1228256572 260 0 46 0 0 0 0 6 0 0 2 2 2 0 2 0 0 0 0 1
1228446817 261 0 46 0 0 0 0 6 0 1 2 2 2 0 2 0 0 0 0 1
1228447231 262 0 46 0 0 0 0 6 0 1 2 2 2 0 2 0 0 0 0 1
1228451786 263 0 46 0 0 0 0 6 0 1 2 2 2 0 2 0 0 0 0 1
1228808602 263 0 46 0 0 0 0 6 0 2 2 2 2 0 2 0 0 0 0 1
1229043998 264 0 46 0 0 0 0 6 0 2 2 2 2 0 2 0 0 0 0 1
1229129554 265 0 46 0 0 5 0 6 0 3 2 2 2 0 2 0 0 0 0 1
1229182718 265 0 46 0 0 6 0 6 0 3 2 2 2 0 2 0 0 0 0 1
1229184035 265 0 46 0 0 7 0 6 0 3 2 2 2 0 2 0 0 0 0 1
1229184324 265 0 46 0 0 8 0 6 0 3 2 2 2 0 2 0 0 0 0 1
1229184513 265 0 46 0 0 9 0 6 0 3 2 2 2 0 2 0 0 0 0 1
1229814865 266 0 46 0 0 9 0 6 0 3 2 2 2 0 2 0 0 0 0 1
1229815582 267 0 46 0 0 9 0 6 0 3 2 2 2 0 2 0 0 0 0 1
1229819434 268 0 46 0 0 9 0 6 0 3 2 2 2 0 2 0 0 0 0 1
1229820008 269 0 46 0 0 9 0 6 0 3 2 2 2 0 2 0 0 0 0 1
1229821920 270 0 46 0 0 9 0 6 0 3 2 2 2 0 2 0 0 0 0 1
1229821936 271 0 46 0 0 9 0 6 0 3 2 2 2 0 2 0 0 0 0 1
1229824457 272 0 46 0 0 9 0 6 0 3 2 2 2 0 2 0 0 0 0 1
1229974575 273 0 46 0 0 9 0 6 0 3 2 2 2 0 2 0 0 0 0 1
1229974671 274 0 46 0 0 9 0 6 0 3 2 2 2 0 2 0 0 0 0 1
1229974737 275 0 46 0 0 9 0 6 0 3 2 2 2 0 2 0 0 0 0 1
1230083478 276 0 46 0 0 9 0 6 0 3 2 2 2 0 2 0 0 0 0 1
1230084174 277 0 46 0 0 9 0 6 0 3 2 2 2 0 2 0 0 0 0 1
1230084625 278 0 46 0 0 9 0 6 0 3 2 2 2 0 2 0 0 0 0 1
1230085424 279 0 46 0 0 9 0 6 0 3 2 2 2 0 2 0 0 0 0 1
1230085582 280 0 46 0 0 9 0 6 0 3 2 2 2 0 2 0 0 0 0 1
1231484315 280 0 47 0 0 9 0 6 0 3 2 2 2 0 2 0 0 0 0 1
1231484651 280 0 48 0 0 9 0 6 0 3 2 2 2 0 2 0 0 0 0 1
1231484719 280 0 49 0 0 9 0 6 0 3 2 2 2 0 2 0 0 0 0 1
1231486521 280 0 50 0 0 9 0 6 0 3 2 2 2 0 2 0 0 0 0 1
1231969736 281 0 50 0 0 9 0 6 0 3 2 2 2 0 2 0 0 0 0 1
1232028917 281 0 51 0 0 9 0 6 0 3 2 2 2 0 2 0 0 0 0 1
1232135549 281 0 52 0 0 9 0 6 0 3 2 2 2 0 2 0 0 0 0 1
1232164017 281 0 53 0 0 9 0 6 0 3 2 2 2 0 2 0 0 0 0 1
1232686630 281 0 54 0 0 9 0 6 0 3 2 2 2 0 2 0 0 0 0 1
1237265797 281 0 54 0 0 9 0 6 0 3 2 2 2 0 2 0 1 0 0 1
1237269063 281 0 54 0 0 9 0 6 0 3 2 2 2 0 2 0 2 0 0 1
1237695756 282 0 54 0 0 9 0 6 0 3 2 2 2 0 2 0 2 0 0 1
1237699631 283 0 54 0 0 9 0 6 0 3 2 2 2 0 2 0 2 0 0 1
1245479943 284 0 54 0 0 9 0 6 0 3 2 2 2 0 2 0 2 0 0 1
1249022290 285 0 54 0 0 9 0 6 0 3 2 2 2 0 2 0 2 0 0 1
1256623302 286 0 54 0 0 9 0 6 0 3 2 2 2 0 2 0 2 0 0 1
1256693347 287 0 54 0 0 9 0 6 0 3 2 2 2 0 2 0 2 0 0 1
1256693934 288 0 54 0 0 9 0 6 0 3 2 2 2 0 2 0 2 0 0 1
1256695464 289 0 54 0 0 9 0 6 0 3 2 2 2 0 2 0 2 0 0 1
1256695896 290 0 54 0 0 9 0 6 0 3 2 2 2 0 2 0 2 0 0 1
1257827162 290 0 54 0 0 9 0 6 0 3 2 2 2 0 2 0 2 0 0 1
1259940653 290 0 54 0 0 9 0 6 0 3 2 2 2 0 2 0 2 0 1 1
1260087912 291 0 54 0 0 9 0 6 0 3 2 2 2 0 2 0 2 0 1 1
1260089376 292 0 54 0 0 9 0 6 0 3 2 2 2 0 2 0 2 0 1 1
1260089564 293 0 54 0 0 9 0 6 0 3 2 2 2 0 2 0 2 0 1 1
1260089585 294 0 54 0 0 9 0 6 0 3 2 2 2 0 2 0 2 0 1 1
1263508202 294 0 54 0 0 9 0 6 0 3 2 2 2 1 2 0 2 0 1 1
1263509168 294 0 54 0 0 9 0 6 0 3 2 2 2 2 2 0 2 0 1 1
1275023628 295 0 54 0 0 9 0 6 0 3 2 2 2 2 2 0 2 0 1 1
1275023889 296 0 54 0 0 9 0 6 0 3 2 2 2 2 2 0 2 0 1 1
1283420385 296 0 54 0 1 9 0 6 0 3 2 2 2 2 2 0 2 0 1 1
1283421513 296 0 54 0 2 9 0 6 0 3 2 2 2 2 2 0 2 0 1 1
1283422503 296 0 54 0 3 9 0 6 0 3 2 2 2 2 2 0 2 0 1 1
1283423093 296 0 54 0 4 9 0 6 0 3 2 2 2 2 2 0 2 0 1 1
1283423295 296 0 54 0 5 9 0 6 0 3 2 2 2 2 2 0 2 0 1 1
1283426618 296 0 54 0 6 9 0 6 0 3 2 2 2 2 2 0 2 0 1 1
1283612139 296 0 54 0 7 9 0 6 0 3 2 2 2 2 2 0 2 0 1 1
1283613600 296 0 54 0 8 9 0 6 0 3 2 2 2 2 2 0 2 0 1 1
1283645031 296 0 54 0 9 9 0 6 0 3 2 2 2 2 2 0 2 0 1 1
1283659377 296 0 54 0 10 9 0 6 0 3 2 2 2 2 2 0 2 0 1 1
1289661672 296 0 55 0 10 9 0 6 0 3 2 2 2 2 2 0 2 0 1 1
1289664107 296 0 56 0 10 9 0 6 0 3 2 2 2 2 2 0 2 0 1 1
1289711568 297 0 56 0 10 9 0 6 0 3 2 2 2 2 2 0 2 0 1 1
1289712114 298 0 56 0 10 9 0 6 0 3 2 2 2 2 2 0 2 0 1 1
1289713329 299 0 56 0 10 9 0 6 0 3 2 2 2 2 2 0 2 0 1 1
1289713778 300 0 56 0 10 9 0 6 0 3 2 2 2 2 2 0 2 0 1 1
1289714338 301 0 56 0 10 9 0 6 0 3 2 2 2 2 2 0 2 0 1 1
1289714444 302 0 56 0 10 9 0 6 0 3 2 2 2 2 2 0 2 0 1 1
1289714556 303 0 56 0 10 9 0 6 0 3 2 2 2 2 2 0 2 0 1 1
1289721606 304 0 56 0 10 9 0 6 0 3 2 2 2 2 2 0 2 0 1 1
1289721968 305 0 56 0 10 9 0 6 0 3 2 2 2 2 2 0 2 0 1 1
1289722453 306 0 56 0 10 9 0 6 0 3 2 2 2 2 2 0 2 0 1 1
1289723088 307 0 56 0 10 9 0 6 0 3 2 2 2 2 2 0 2 0 1 1
1289723637 308 0 56 0 10 9 0 6 0 3 2 2 2 2 2 0 2 0 1 1
1289724198 309 0 56 0 10 9 0 6 0 3 2 2 2 2 2 0 2 0 1 1
1289725030 310 0 56 0 10 9 0 6 0 3 2 2 2 2 2 0 2 0 1 1
1290126164 311 0 56 0 10 9 0 6 0 3 2 2 2 2 2 0 2 0 1 1
1290126203 312 0 56 0 10 9 0 6 0 3 2 2 2 2 2 0 2 0 1 1
1290126238 313 0 56 0 10 9 0 6 0 3 2 2 2 2 2 0 2 0 1 1
1290126631 314 0 56 0 10 9 0 6 0 3 2 2 2 2 2 0 2 0 1 1
1290126665 315 0 56 0 10 9 0 6 0 3 2 2 2 2 2 0 2 0 1 1
1290127228 316 0 56 0 10 9 0 6 0 3 2 2 2 2 2 0 2 0 1 1
1290328734 317 0 56 0 10 9 0 6 0 3 2 2 2 2 2 0 2 0 1 1
1290671936 318 0 56 0 10 9 0 6 0 3 2 2 2 2 2 0 2 0 1 1
1291346558 319 0 56 0 10 9 0 6 0 3 2 2 2 2 2 0 2 0 1 1
1291347042 320 0 56 0 10 9 0 6 0 3 2 2 2 2 2 0 2 0 1 1
1291347354 321 0 56 0 10 9 0 6 2 3 2 2 2 2 2 0 2 0 1 1
1291348469 322 0 56 0 10 9 0 6 2 3 2 2 2 2 2 0 2 0 1 1
1291349004 323 0 56 0 10 9 0 6 3 3 2 2 2 2 2 0 2 0 1 1
1291349859 324 0 56 0 10 9 0 6 3 3 2 2 2 2 2 0 2 0 1 1
1292715656 325 0 56 0 10 9 0 6 3 3 2 2 2 2 2 0 2 0 1 1
1292804052 325 0 56 0 11 9 0 6 3 3 2 2 2 2 2 0 2 0 1 1
1292808245 325 0 56 0 12 9 0 6 3 3 2 2 2 2 2 0 2 0 1 1
1292871776 325 0 56 0 12 9 0 6 4 3 2 2 2 2 2 0 2 0 1 1
1292929993 325 0 56 0 12 9 0 6 5 3 2 2 2 2 2 0 2 0 1 1
1292965987 326 0 56 0 12 9 0 6 5 3 2 2 2 2 2 0 2 0 1 1
1292966035 327 0 56 0 12 9 0 6 5 3 2 2 2 2 2 0 2 0 1 1
1292966294 328 0 56 0 12 9 0 6 5 3 2 2 2 2 2 0 2 0 1 1
1292966808 329 0 56 0 12 9 0 6 5 3 2 2 2 2 2 0 2 0 1 1
1292966904 330 0 56 0 12 9 0 6 6 3 2 2 2 2 2 0 2 0 1 1
1295833883 331 0 56 0 12 9 0 6 6 3 2 2 2 2 2 0 2 0 1 1
1296780463 332 0 56 0 12 9 0 6 6 3 2 2 2 2 2 0 2 0 1 1
1296780511 333 0 56 0 12 9 0 6 6 3 2 2 2 2 2 0 2 0 1 1
1297281932 334 0 56 0 12 9 0 6 6 3 2 2 2 2 2 0 2 0 1 1
1297282151 335 0 56 0 12 9 0 6 6 3 2 2 2 2 2 0 2 0 1 1
1297738218 336 0 56 0 12 9 0 6 6 3 2 2 2 2 2 0 2 0 1 1
1297762213 337 0 56 0 12 9 0 6 6 3 2 2 2 2 2 0 2 0 1 1
1299208742 338 0 56 0 12 9 0 6 6 3 2 2 2 2 2 0 2 0 1 1
1301034397 339 0 56 0 12 9 0 6 6 3 2 2 2 2 2 0 2 0 1 1
1301034450 340 0 56 0 12 9 0 6 6 3 2 2 2 2 2 0 2 0 1 1
1310186828 341 0 56 0 12 9 0 6 6 3 2 2 2 2 2 0 2 0 1 1
1311383917 342 0 56 0 12 9 0 6 6 3 2 2 2 2 2 0 2 0 1 1
1311386767 343 0 56 0 12 9 0 6 6 3 2 2 2 2 2 0 2 0 1 1
1311386793 344 0 56 0 12 9 0 6 6 3 2 2 2 2 2 0 2 0 1 1
1311386864 345 0 56 0 12 9 0 6 6 3 2 2 2 2 2 0 2 0 1 1
1311387087 346 0 56 0 12 9 0 6 6 3 2 2 2 2 2 0 2 0 1 1
1315877689 347 0 56 0 12 9 0 6 6 3 2 2 2 2 2 0 2 0 1 1
1316523749 347 0 56 0 12 9 0 6 6 3 2 2 2 2 2 0 2 1 1 1
1316635568 348 0 56 0 12 9 0 6 6 3 2 2 2 2 2 0 2 1 1 1
1316893962 348 0 56 0 12 9 0 6 6 3 2 2 2 2 2 0 2 2 1 1
1316926714 349 0 56 0 12 9 0 6 6 3 2 2 2 2 2 0 2 2 1 1
1320338584 349 0 56 0 12 9 0 6 6 3 2 2 2 2 2 0 2 2 1 1
1321142747 350 0 56 0 12 9 0 6 6 3 2 2 2 2 2 0 2 2 1 1
1321143347 351 0 56 0 12 9 0 6 6 3 2 2 2 2 2 0 2 2 1 1
1321143563 352 0 56 0 12 9 0 6 6 3 2 2 2 2 2 0 2 2 1 1
1321147438 353 0 56 0 12 9 0 6 6 3 2 2 2 2 2 0 2 2 1 1
1321148667 354 0 56 0 12 9 0 6 6 3 2 2 2 2 2 0 2 2 1 1
1321148831 355 0 56 0 12 9 0 6 6 3 2 2 2 2 2 0 2 2 1 1
1321149268 356 0 56 0 12 9 0 6 6 3 2 2 2 2 2 0 2 2 1 1
1321149473 357 0 56 0 12 9 0 6 6 3 2 2 2 2 2 0 2 2 1 1
1321203127 358 0 56 0 12 9 0 6 6 3 2 2 2 2 2 0 2 2 1 1
1327053461 358 0 56 0 12 9 1 6 6 3 2 2 2 2 2 0 2 2 1 1
1327057638 358 0 56 0 12 9 2 6 6 3 2 2 2 2 2 0 2 2 1 1
1327062774 358 0 56 0 12 9 3 6 6 3 2 2 2 2 2 0 2 2 1 1
1327063455 358 0 56 0 12 9 4 6 6 3 2 2 2 2 2 0 2 2 1 1
1327065484 358 0 56 0 12 9 5 6 6 3 2 2 2 2 2 0 2 2 1 1
1327256952 358 0 56 0 12 9 6 6 6 3 2 2 2 2 2 0 2 2 1 1
1329603302 359 0 56 0 12 9 6 6 6 3 2 2 2 2 2 0 2 2 1 1
1329604750 360 0 56 0 12 9 6 6 6 3 2 2 2 2 2 0 2 2 1 1
1329605103 362 0 56 0 12 9 6 6 6 3 2 2 2 2 2 0 2 2 1 1
1329605376 363 0 56 0 12 9 6 6 6 3 2 2 2 2 2 0 2 2 1 1
1329605665 364 0 56 0 12 9 6 6 6 3 2 2 2 2 2 0 2 2 1 1
1329606533 365 0 56 0 12 9 6 6 6 3 2 2 2 2 2 0 2 2 1 1
1329606550 366 0 56 0 12 9 6 6 6 3 2 2 2 2 2 0 2 2 1 1
1329606600 367 0 56 0 12 9 6 6 6 3 2 2 2 2 2 0 2 2 1 1
1329606698 368 0 56 0 12 9 6 6 6 3 2 2 2 2 2 0 2 2 1 1
1329606795 369 0 56 0 12 9 6 6 6 3 2 2 2 2 2 0 2 2 1 1
1329607656 370 0 56 0 12 9 6 6 6 3 2 2 2 2 2 0 2 2 1 1
1329607707 371 0 56 0 12 9 6 6 6 3 2 2 2 2 2 0 2 2 1 1
1329609921 372 0 56 0 12 9 6 6 6 3 2 2 2 2 2 0 2 2 1 1
1329973304 372 0 56 0 12 9 6 6 6 3 2 2 2 2 2 0 2 2 1 1
1330198309 375 0 56 0 12 9 6 6 6 3 2 2 2 2 2 0 2 2 1 1
1330198341 376 0 56 0 12 9 6 6 6 3 2 2 2 2 2 0 2 2 1 1
1339863307 376 0 56 0 12 9 6 6 6 3 2 2 2 2 2 1 2 2 1 1
1339865896 376 0 56 0 12 9 6 6 6 3 2 2 2 2 2 2 2 2 1 1
1339888553 377 0 56 0 12 9 6 6 6 3 2 2 2 2 2 2 2 2 1 1
1339888609 378 0 56 0 12 9 6 6 6 3 2 2 2 2 2 2 2 2 1 1
1339888620 379 0 56 0 12 9 6 6 6 3 2 2 2 2 2 2 2 2 1 1
1339888952 380 0 56 0 12 9 6 6 6 3 2 2 2 2 2 2 2 2 1 1
1339888988 381 0 56 0 12 9 6 6 6 3 2 2 2 2 2 2 2 2 1 1
1339889073 382 0 56 0 12 9 6 6 6 3 2 2 2 2 2 2 2 2 1 1
1340944610 382 0 56 0 12 9 6 6 6 3 2 2 2 2 2 2 2 2 1 1
1340944691 382 0 56 1 12 9 6 6 6 3 2 2 2 2 2 2 2 2 1 1
1340945565 382 0 56 2 12 9 6 6 6 3 2 2 2 2 2 2 2 2 1 1
1340948882 382 0 56 3 12 9 6 6 6 3 2 2 2 2 2 2 2 2 1 1
1341687613 382 0 56 4 12 9 6 6 6 3 2 2 2 2 2 2 2 2 1 1
1341689168 382 0 56 5 12 9 6 6 6 3 2 2 2 2 2 2 2 2 1 1
1341696786 382 0 56 6 12 9 6 6 6 3 2 2 2 2 2 2 2 2 1 1
1341698694 382 0 56 7 12 9 6 6 6 3 2 2 2 2 2 2 2 2 1 1
1341700314 382 0 56 8 12 9 6 6 6 3 2 2 2 2 2 2 2 2 1 1
1341701202 382 0 56 9 12 9 6 6 6 3 2 2 2 2 2 2 2 2 1 1
1341702583 382 0 56 10 12 9 6 6 6 3 2 2 2 2 2 2 2 2 1 1
1341734187 382 0 56 11 12 9 6 6 6 3 2 2 2 2 2 2 2 2 1 1
1342070453 382 0 56 12 12 9 6 6 6 3 2 2 2 2 2 2 2 2 1 1
1342071013 382 0 56 13 12 9 6 6 6 3 2 2 2 2 2 2 2 2 1 1
1342071143 382 0 56 14 12 9 6 6 6 3 2 2 2 2 2 2 2 2 1 1
1342073703 382 0 56 15 12 9 6 6 6 3 2 2 2 2 2 2 2 2 1 1
1342114693 382 0 56 16 12 9 6 6 6 3 2 2 2 2 2 2 2 2 1 1
1342114725 382 0 56 17 12 9 6 6 6 3 2 2 2 2 2 2 2 2 1 1
1342160394 382 0 56 18 12 9 6 6 6 3 2 2 2 2 2 2 2 2 1 1
1342293432 382 0 56 19 12 9 6 6 6 3 2 2 2 2 2 2 2 2 1 1
1342294499 382 0 56 20 12 9 6 6 6 3 2 2 2 2 2 2 2 2 1 1
1342296205 382 0 56 21 12 9 6 6 6 3 2 2 2 2 2 2 2 2 1 1
1342297118 382 0 56 22 12 9 6 6 6 3 2 2 2 2 2 2 2 2 1 1
1342299458 382 0 56 23 12 9 6 6 6 3 2 2 2 2 2 2 2 2 1 1
1342299551 382 0 56 24 12 9 6 6 6 3 2 2 2 2 2 2 2 2 1 1
1342299616 382 0 56 25 12 9 6 6 6 3 2 2 2 2 2 2 2 2 1 1
1342299799 382 0 56 26 12 9 6 6 6 3 2 2 2 2 2 2 2 2 1 1
1342303660 382 0 56 27 12 9 6 6 6 3 2 2 2 2 2 2 2 2 1 1
1342306340 382 0 56 28 12 9 6 6 6 3 2 2 2 2 2 2 2 2 1 1
1342306709 382 0 56 29 12 9 6 6 6 3 2 2 2 2 2 2 2 2 1 1
1342306821 382 0 56 30 12 9 6 6 6 3 2 2 2 2 2 2 2 2 1 1
1342307343 382 0 56 31 12 9 6 6 6 3 2 2 2 2 2 2 2 2 1 1
1342307519 382 0 56 32 12 9 6 6 6 3 2 2 2 2 2 2 2 2 1 1
1342312194 382 0 56 33 12 9 6 6 6 3 2 2 2 2 2 2 2 2 1 1
1342312717 382 0 56 34 12 9 6 6 6 3 2 2 2 2 2 2 2 2 1 1
1342312964 382 0 56 35 12 9 6 6 6 3 2 2 2 2 2 2 2 2 1 1
1342312997 382 0 56 36 12 9 6 6 6 3 2 2 2 2 2 2 2 2 1 1
1342321760 382 0 56 37 12 9 6 6 6 3 2 2 2 2 2 2 2 2 1 1
1342420581 382 0 56 38 12 9 6 6 6 3 2 2 2 2 2 2 2 2 1 1
1342421043 382 0 56 39 12 9 6 6 6 3 2 2 2 2 2 2 2 2 1 1
1342753382 382 0 56 40 12 9 6 6 6 3 2 2 2 2 2 2 2 2 1 1
1342754074 382 0 56 41 12 9 6 6 6 3 2 2 2 2 2 2 2 2 1 1
1342754193 382 0 56 42 12 9 6 6 6 3 2 2 2 2 2 2 2 2 1 1
1342754398 382 0 56 43 12 9 6 6 6 3 2 2 2 2 2 2 2 2 1 1
1342754645 382 0 56 44 12 9 6 6 6 3 2 2 2 2 2 2 2 2 1 1
1342755846 382 0 56 45 12 9 6 6 6 3 2 2 2 2 2 2 2 2 1 1
1342756891 382 0 56 46 12 9 6 6 6 3 2 2 2 2 2 2 2 2 1 1
1342763189 382 0 56 47 12 9 6 6 6 3 2 2 2 2 2 2 2 2 1 1
1345318626 382 0 56 48 12 9 6 6 6 3 2 2 2 2 2 2 2 2 1 1
1345437069 382 0 56 49 12 9 6 6 6 3 2 2 2 2 2 2 2 2 1 1
1345928424 382 1 56 49 12 9 6 6 6 3 2 2 2 2 2 2 2 2 1 1
1345936187 382 2 56 49 12 9 6 6 6 3 2 2 2 2 2 2 2 2 1 1
1345936478 382 3 56 49 12 9 6 6 6 3 2 2 2 2 2 2 2 2 1 1
1345936788 382 4 56 49 12 9 6 6 6 3 2 2 2 2 2 2 2 2 1 1
1345943886 382 5 56 49 12 9 6 6 6 3 2 2 2 2 2 2 2 2 1 1
1345945428 382 6 56 49 12 9 6 6 6 3 2 2 2 2 2 2 2 2 1 1
1345966096 382 7 56 49 12 9 6 6 6 3 2 2 2 2 2 2 2 2 1 1
1345967090 382 8 56 49 12 9 6 6 6 3 2 2 2 2 2 2 2 2 1 1
1346085886 382 9 56 49 12 9 6 6 6 3 2 2 2 2 2 2 2 2 1 1
1346086148 382 10 56 49 12 9 6 6 6 3 2 2 2 2 2 2 2 2 1 1
1346086471 382 11 56 49 12 9 6 6 6 3 2 2 2 2 2 2 2 2 1 1
1346086685 382 12 56 49 12 9 6 6 6 3 2 2 2 2 2 2 2 2 1 1
1346088251 382 13 56 49 12 9 6 6 6 3 2 2 2 2 2 2 2 2 1 1
1346089694 382 14 56 49 12 9 6 6 6 3 2 2 2 2 2 2 2 2 1 1
1346090482 382 15 56 49 12 9 6 6 6 3 2 2 2 2 2 2 2 2 1 1
1346103196 382 16 56 49 12 9 6 6 6 3 2 2 2 2 2 2 2 2 1 1
1346103325 382 17 56 49 12 9 6 6 6 3 2 2 2 2 2 2 2 2 1 1
1346103671 382 18 56 49 12 9 6 6 6 3 2 2 2 2 2 2 2 2 1 1
1346546673 382 19 56 49 12 9 6 6 6 3 2 2 2 2 2 2 2 2 1 1
1346562123 382 20 56 49 12 9 6 6 6 3 2 2 2 2 2 2 2 2 1 1
1346563925 382 21 56 49 12 9 6 6 6 3 2 2 2 2 2 2 2 2 1 1
1346642435 382 22 56 49 12 9 6 6 6 3 2 2 2 2 2 2 2 2 1 1
1346903433 382 23 56 49 12 9 6 6 6 3 2 2 2 2 2 2 2 2 1 1
1347306987 382 24 56 49 12 9 6 6 6 3 2 2 2 2 2 2 2 2 1 1
1347389191 382 25 56 49 12 9 6 6 6 3 2 2 2 2 2 2 2 2 1 1
1347481246 382 26 56 49 12 9 6 6 6 3 2 2 2 2 2 2 2 2 1 1
1347481778 382 27 56 49 12 9 6 6 6 3 2 2 2 2 2 2 2 2 1 1
1347929413 382 28 56 49 12 9 6 6 6 3 2 2 2 2 2 2 2 2 1 1
1347930244 382 29 56 49 12 9 6 6 6 3 2 2 2 2 2 2 2 2 1 1
1347930948 382 30 56 49 12 9 6 6 6 3 2 2 2 2 2 2 2 2 1 1
1347953780 382 30 56 50 12 9 6 6 6 3 2 2 2 2 2 2 2 2 1 1
1347990890 382 31 56 50 12 9 6 6 6 3 2 2 2 2 2 2 2 2 1 1
1348015130 382 32 56 50 12 9 6 6 6 3 2 2 2 2 2 2 2 2 1 1
1348029038 382 33 56 50 12 9 6 6 6 3 2 2 2 2 2 2 2 2 1 1
1348029072 382 34 56 50 12 9 6 6 6 3 2 2 2 2 2 2 2 2 1 1
1348029192 382 35 56 50 12 9 6 6 6 3 2 2 2 2 2 2 2 2 1 1
1348029311 382 36 56 50 12 9 6 6 6 3 2 2 2 2 2 2 2 2 1 1
1348032599 382 37 56 50 12 9 6 6 6 3 2 2 2 2 2 2 2 2 1 1
1348076703 382 38 56 50 12 9 6 6 6 3 2 2 2 2 2 2 2 2 1 1
1348078577 382 39 56 50 12 9 6 6 6 3 2 2 2 2 2 2 2 2 1 1
1348079104 382 40 56 50 12 9 6 6 6 3 2 2 2 2 2 2 2 2 1 1
1348123067 382 41 56 50 12 9 6 6 6 3 2 2 2 2 2 2 2 2 1 1
1348305346 382 42 56 50 12 9 6 6 6 3 2 2 2 2 2 2 2 2 1 1
1348309983 382 43 56 50 12 9 6 6 6 3 2 2 2 2 2 2 2 2 1 1
1348352116 382 44 56 50 12 9 6 6 6 3 2 2 2 2 2 2 2 2 1 1
1348377157 382 45 56 50 12 9 6 6 6 3 2 2 2 2 2 2 2 2 1 1
1348796796 382 46 56 50 12 9 6 6 6 3 2 2 2 2 2 2 2 2 1 1
1348797639 382 47 56 50 12 9 6 6 6 3 2 2 2 2 2 2 2 2 1 1
1348798425 382 48 56 50 12 9 6 6 6 3 2 2 2 2 2 2 2 2 1 1
1348798860 382 49 56 50 12 9 6 6 6 3 2 2 2 2 2 2 2 2 1 1
1348875947 382 50 56 50 12 9 6 6 6 3 2 2 2 2 2 2 2 2 1 1
1348876983 382 51 56 50 12 9 6 6 6 3 2 2 2 2 2 2 2 2 1 1
1348877805 382 52 56 50 12 9 6 6 6 3 2 2 2 2 2 2 2 2 1 1
1348881172 382 53 56 50 12 9 6 6 6 3 2 2 2 2 2 2 2 2 1 1
1348952514 382 54 56 50 12 9 6 6 6 3 2 2 2 2 2 2 2 2 1 1
1348967453 382 55 56 50 12 9 6 6 6 3 2 2 2 2 2 2 2 2 1 1
1348979776 382 56 56 50 12 9 6 6 6 3 2 2 2 2 2 2 2 2 1 1
1348994691 382 57 56 50 12 9 6 6 6 3 2 2 2 2 2 2 2 2 1 1
1348995505 382 58 56 50 12 9 6 6 6 3 2 2 2 2 2 2 2 2 1 1
1349029952 382 59 56 50 12 9 6 6 6 3 2 2 2 2 2 2 2 2 1 1
1349030207 382 60 56 50 12 9 6 6 6 3 2 2 2 2 2 2 2 2 1 1
1349548702 382 61 56 50 12 9 6 6 6 3 2 2 2 2 2 2 2 2 1 1
1349556940 382 62 56 50 12 9 6 6 6 3 2 2 2 2 2 2 2 2 1 1
1349575872 382 63 56 50 12 9 6 6 6 3 2 2 2 2 2 2 2 2 1 1
1349650878 382 64 56 50 12 9 6 6 6 3 2 2 2 2 2 2 2 2 1 1
1349667453 382 65 56 50 12 9 6 6 6 3 2 2 2 2 2 2 2 2 1 1
1349804487 382 66 56 50 12 9 6 6 6 3 2 2 2 2 2 2 2 2 1 1
1349805437 382 67 56 50 12 9 6 6 6 3 2 2 2 2 2 2 2 2 1 1
1349824555 382 68 56 50 12 9 6 6 6 3 2 2 2 2 2 2 2 2 1 1
1349928222 382 68 56 51 12 9 6 6 6 3 2 2 2 2 2 2 2 2 1 1
1349931003 382 68 56 52 12 9 6 6 6 3 2 2 2 2 2 2 2 2 1 1
1349934019 382 68 56 53 12 9 6 6 6 3 2 2 2 2 2 2 2 2 1 1
1349978198 382 69 56 53 12 9 6 6 6 3 2 2 2 2 2 2 2 2 1 1
1349978324 382 70 56 53 12 9 6 6 6 3 2 2 2 2 2 2 2 2 1 1
1349979802 382 71 56 53 12 9 6 6 6 3 2 2 2 2 2 2 2 2 1 1
1349998116 382 72 56 53 12 9 6 6 6 3 2 2 2 2 2 2 2 2 1 1
1349999222 382 73 56 53 12 9 6 6 6 3 2 2 2 2 2 2 2 2 1 1
1350000172 382 74 56 53 12 9 6 6 6 3 2 2 2 2 2 2 2 2 1 1
1350168247 382 75 56 53 12 9 6 6 6 3 2 2 2 2 2 2 2 2 1 1
1350691311 382 76 56 53 12 9 6 6 6 3 2 2 2 2 2 2 2 2 1 1
1350701239 382 77 56 53 12 9 6 6 6 3 2 2 2 2 2 2 2 2 1 1
1350708888 382 78 56 53 12 9 6 6 6 3 2 2 2 2 2 2 2 2 1 1
1350769307 382 79 56 53 12 9 6 6 6 3 2 2 2 2 2 2 2 2 1 1
1350769385 382 80 56 53 12 9 6 6 6 3 2 2 2 2 2 2 2 2 1 1
1350769398 382 81 56 53 12 9 6 6 6 3 2 2 2 2 2 2 2 2 1 1
1350770504 382 82 56 53 12 9 6 6 6 3 2 2 2 2 2 2 2 2 1 1
1350771208 382 83 56 53 12 9 6 6 6 3 2 2 2 2 2 2 2 2 1 1
1350777417 382 84 56 53 12 9 6 6 6 3 2 2 2 2 2 2 2 2 1 1
1350784523 382 85 56 53 12 9 6 6 6 3 2 2 2 2 2 2 2 2 1 1
1350786675 382 86 56 53 12 9 6 6 6 3 2 2 2 2 2 2 2 2 1 1
1350851200 382 87 56 53 12 9 6 6 6 3 2 2 2 2 2 2 2 2 1 1
1350862968 382 88 56 53 12 9 6 6 6 3 2 2 2 2 2 2 2 2 1 1
1350863850 382 89 56 53 12 9 6 6 6 3 2 2 2 2 2 2 2 2 1 1
1350874938 382 90 56 53 12 9 6 6 6 3 2 2 2 2 2 2 2 2 1 1
1350887214 382 91 56 53 12 9 6 6 6 3 2 2 2 2 2 2 2 2 1 1
1350887335 382 92 56 53 12 9 6 6 6 3 2 2 2 2 2 2 2 2 1 1
1350888669 382 93 56 53 12 9 6 6 6 3 2 2 2 2 2 2 2 2 1 1
1350953929 382 94 56 53 12 9 6 6 6 3 2 2 2 2 2 2 2 2 1 1
1350953964 382 95 56 53 12 9 6 6 6 3 2 2 2 2 2 2 2 2 1 1
1351022221 382 96 56 53 12 9 6 6 6 3 2 2 2 2 2 2 2 2 1 1
1351309211 382 97 56 53 12 9 6 6 6 3 2 2 2 2 2 2 2 2 1 1
1351309835 382 98 56 53 12 9 6 6 6 3 2 2 2 2 2 2 2 2 1 1
1351381769 382 99 56 53 12 9 6 6 6 3 2 2 2 2 2 2 2 2 1 1
1351390817 382 100 56 53 12 9 6 6 6 3 2 2 2 2 2 2 2 2 1 1
1351390938 382 101 56 53 12 9 6 6 6 3 2 2 2 2 2 2 2 2 1 1
1351446459 382 102 56 53 12 9 6 6 6 3 2 2 2 2 2 2 2 2 1 1
1351712079 382 103 56 53 12 9 6 6 6 3 2 2 2 2 2 2 2 2 1 1
1351730383 382 104 56 53 12 9 6 6 6 3 2 2 2 2 2 2 2 2 1 1
1351731581 382 105 56 53 12 9 6 6 6 3 2 2 2 2 2 2 2 2 1 1
1351913023 382 106 56 53 12 9 6 6 6 3 2 2 2 2 2 2 2 2 1 1
1351983806 382 107 56 53 12 9 6 6 6 3 2 2 2 2 2 2 2 2 1 1
1351994706 382 108 56 53 12 9 6 6 6 3 2 2 2 2 2 2 2 2 1 1
1352092036 382 109 56 53 12 9 6 6 6 3 2 2 2 2 2 2 2 2 1 1
1354087729 382 110 56 53 12 9 6 6 6 3 2 2 2 2 2 2 2 2 1 1
1354992800 382 111 56 53 12 9 6 6 6 3 2 2 2 2 2 2 2 2 1 1
1354996539 382 112 56 53 12 9 6 6 6 3 2 2 2 2 2 2 2 2 1 1
1355000132 382 113 56 53 12 9 6 6 6 3 2 2 2 2 2 2 2 2 1 1
1355007876 382 114 56 53 12 9 6 6 6 3 2 2 2 2 2 2 2 2 1 1
1355011798 382 115 56 53 12 9 6 6 6 3 2 2 2 2 2 2 2 2 1 1
1355013252 382 116 56 53 12 9 6 6 6 3 2 2 2 2 2 2 2 2 1 1
1355014802 382 117 56 53 12 9 6 6 6 3 2 2 2 2 2 2 2 2 1 1
1355016144 382 118 56 53 12 9 6 6 6 3 2 2 2 2 2 2 2 2 1 1
1355019232 382 119 56 53 12 9 6 6 6 3 2 2 2 2 2 2 2 2 1 1
1355022098 382 120 56 53 12 9 6 6 6 3 2 2 2 2 2 2 2 2 1 1
1355023416 382 121 56 53 12 9 6 6 6 3 2 2 2 2 2 2 2 2 1 1
1355077364 382 122 56 53 12 9 6 6 6 3 2 2 2 2 2 2 2 2 1 1
1355078270 382 123 56 53 12 9 6 6 6 3 2 2 2 2 2 2 2 2 1 1
1355079357 382 124 56 53 12 9 6 6 6 3 2 2 2 2 2 2 2 2 1 1
1355089755 382 125 56 53 12 9 6 6 6 3 2 2 2 2 2 2 2 2 1 1
1355090631 382 126 56 53 12 9 6 6 6 3 2 2 2 2 2 2 2 2 1 1
1355093881 382 127 56 53 12 9 6 6 6 3 2 2 2 2 2 2 2 2 1 1
1355282805 382 128 56 53 12 9 6 6 6 3 2 2 2 2 2 2 2 2 1 1
1355284699 382 129 56 53 12 9 6 6 6 3 2 2 2 2 2 2 2 2 1 1
1355285273 382 130 56 53 12 9 6 6 6 3 2 2 2 2 2 2 2 2 1 1
1355608384 382 131 56 53 12 9 6 6 6 3 2 2 2 2 2 2 2 2 1 1
1355609199 382 132 56 53 12 9 6 6 6 3 2 2 2 2 2 2 2 2 1 1
1355610759 382 133 56 53 12 9 6 6 6 3 2 2 2 2 2 2 2 2 1 1
1355613624 382 134 56 53 12 9 6 6 6 3 2 2 2 2 2 2 2 2 1 1
1355615998 382 135 56 53 12 9 6 6 6 3 2 2 2 2 2 2 2 2 1 1
1355616426 382 136 56 53 12 9 6 6 6 3 2 2 2 2 2 2 2 2 1 1
1355620595 382 137 56 53 12 9 6 6 6 3 2 2 2 2 2 2 2 2 1 1
1355624074 382 138 56 53 12 9 6 6 6 3 2 2 2 2 2 2 2 2 1 1
1355625154 382 139 56 53 12 9 6 6 6 3 2 2 2 2 2 2 2 2 1 1
1355625348 382 140 56 53 12 9 6 6 6 3 2 2 2 2 2 2 2 2 1 1
1355626093 382 141 56 53 12 9 6 6 6 3 2 2 2 2 2 2 2 2 1 1
1355626230 382 142 56 53 12 9 6 6 6 3 2 2 2 2 2 2 2 2 1 1
1355633850 382 143 56 53 12 9 6 6 6 3 2 2 2 2 2 2 2 2 1 1
1355637513 382 144 56 53 12 9 6 6 6 3 2 2 2 2 2 2 2 2 1 1
1355637638 382 145 56 53 12 9 6 6 6 3 2 2 2 2 2 2 2 2 1 1
1355638593 382 146 56 53 12 9 6 6 6 3 2 2 2 2 2 2 2 2 1 1
1355638746 382 147 56 53 12 9 6 6 6 3 2 2 2 2 2 2 2 2 1 1
1355642295 382 148 56 53 12 9 6 6 6 3 2 2 2 2 2 2 2 2 1 1
1355648581 382 149 56 53 12 9 6 6 6 3 2 2 2 2 2 2 2 2 1 1
1355649486 382 150 56 53 12 9 6 6 6 3 2 2 2 2 2 2 2 2 1 1
1355685543 382 151 56 53 12 9 6 6 6 3 2 2 2 2 2 2 2 2 1 1
1355686373 382 152 56 53 12 9 6 6 6 3 2 2 2 2 2 2 2 2 1 1
1355686722 382 153 56 53 12 9 6 6 6 3 2 2 2 2 2 2 2 2 1 1
1355689843 382 154 56 53 12 9 6 6 6 3 2 2 2 2 2 2 2 2 1 1
1355691070 382 155 56 53 12 9 6 6 6 3 2 2 2 2 2 2 2 2 1 1
1355704839 382 156 56 53 12 9 6 6 6 3 2 2 2 2 2 2 2 2 1 1
1355707161 382 157 56 53 12 9 6 6 6 3 2 2 2 2 2 2 2 2 1 1
1355805060 382 157 56 54 12 9 6 6 6 3 2 2 2 2 2 2 2 2 1 1
1355805104 382 157 56 55 12 9 6 6 6 3 2 2 2 2 2 2 2 2 1 1
1355854158 382 158 56 55 12 9 6 6 6 3 2 2 2 2 2 2 2 2 1 1
1355854165 382 159 56 55 12 9 6 6 6 3 2 2 2 2 2 2 2 2 1 1
1355968690 382 160 56 55 12 9 6 6 6 3 2 2 2 2 2 2 2 2 1 1
1355969338 382 161 56 55 12 9 6 6 6 3 2 2 2 2 2 2 2 2 1 1
1356224101 382 162 56 55 12 9 6 6 6 3 2 2 2 2 2 2 2 2 1 1
1356224551 382 163 56 55 12 9 6 6 6 3 2 2 2 2 2 2 2 2 1 1
1356224880 382 164 56 55 12 9 6 6 6 3 2 2 2 2 2 2 2 2 1 1
1356225312 382 165 56 55 12 9 6 6 6 3 2 2 2 2 2 2 2 2 1 1
1356225780 382 166 56 55 12 9 6 6 6 3 2 2 2 2 2 2 2 2 1 1
1356227352 382 167 56 55 12 9 6 6 6 3 2 2 2 2 2 2 2 2 1 1
1356240932 382 168 56 55 12 9 6 6 6 3 2 2 2 2 2 2 2 2 1 1
1356251217 382 169 56 55 12 9 6 6 6 3 2 2 2 2 2 2 2 2 1 1
1356251592 382 170 56 55 12 9 6 6 6 3 2 2 2 2 2 2 2 2 1 1
1356294665 382 171 56 55 12 9 6 6 6 3 2 2 2 2 2 2 2 2 1 1
1356395173 382 172 56 55 12 9 6 6 6 3 2 2 2 2 2 2 2 2 1 1
1356395755 382 173 56 55 12 9 6 6 6 3 2 2 2 2 2 2 2 2 1 1
1356402219 382 174 56 55 12 9 6 6 6 3 2 2 2 2 2 2 2 2 1 1
1356505143 382 175 56 55 12 9 6 6 6 3 2 2 2 2 2 2 2 2 1 1
1356581570 382 176 56 55 12 9 6 6 6 3 2 2 2 2 2 2 2 2 1 1
1356587635 382 177 56 55 12 9 6 6 6 3 2 2 2 2 2 2 2 2 1 1
1356654893 382 178 56 55 12 9 6 6 6 3 2 2 2 2 2 2 2 2 1 1
1356673826 382 179 56 55 12 9 6 6 6 3 2 2 2 2 2 2 2 2 1 1
1356903623 382 180 56 55 12 9 6 6 6 3 2 2 2 2 2 2 2 2 1 1
1357419201 382 181 56 55 12 9 6 6 6 3 2 2 2 2 2 2 2 2 1 1
1357419756 382 182 56 55 12 9 6 6 6 3 2 2 2 2 2 2 2 2 1 1
1357439672 382 183 56 55 12 9 6 6 6 3 2 2 2 2 2 2 2 2 1 1
1357504334 382 184 56 55 12 9 6 6 6 3 2 2 2 2 2 2 2 2 1 1
1357607812 382 185 56 55 12 9 6 6 6 3 2 2 2 2 2 2 2 2 1 1
1357687642 382 186 56 55 12 9 6 6 6 3 2 2 2 2 2 2 2 2 1 1
1358293144 382 187 56 55 12 9 6 6 6 3 2 2 2 2 2 2 2 2 1 1
1358293720 382 188 56 55 12 9 6 6 6 3 2 2 2 2 2 2 2 2 1 1
1358294201 382 189 56 55 12 9 6 6 6 3 2 2 2 2 2 2 2 2 1 1
1358295690 382 190 56 55 12 9 6 6 6 3 2 2 2 2 2 2 2 2 1 1
1358386143 382 191 56 55 12 9 6 6 6 3 2 2 2 2 2 2 2 2 1 1
1358386665 382 192 56 55 12 9 6 6 6 3 2 2 2 2 2 2 2 2 1 1
1358389378 382 193 56 55 12 9 6 6 6 3 2 2 2 2 2 2 2 2 1 1
1358391783 382 194 56 55 12 9 6 6 6 3 2 2 2 2 2 2 2 2 1 1
1358450441 382 195 56 55 12 9 6 6 6 3 2 2 2 2 2 2 2 2 1 1
1358451124 382 196 56 55 12 9 6 6 6 3 2 2 2 2 2 2 2 2 1 1
1358565654 382 197 56 55 12 9 6 6 6 3 2 2 2 2 2 2 2 2 1 1
1359838550 382 198 56 55 12 9 6 6 6 3 2 2 2 2 2 2 2 2 1 1
1359839339 382 199 56 55 12 9 6 6 6 3 2 2 2 2 2 2 2 2 1 1
1359860561 382 200 56 55 12 9 6 6 6 3 2 2 2 2 2 2 2 2 1 1
1359876142 382 201 56 55 12 9 6 6 6 3 2 2 2 2 2 2 2 2 1 1
1359919647 382 202 56 55 12 9 6 6 6 3 2 2 2 2 2 2 2 2 1 1
1359942402 382 203 56 55 12 9 6 6 6 3 2 2 2 2 2 2 2 2 1 1
1359942646 382 204 56 55 12 9 6 6 6 3 2 2 2 2 2 2 2 2 1 1
1360001468 382 205 56 55 12 9 6 6 6 3 2 2 2 2 2 2 2 2 1 1
1360007036 382 206 56 55 12 9 6 6 6 3 2 2 2 2 2 2 2 2 1 1
1360007355 382 207 56 55 12 9 6 6 6 3 2 2 2 2 2 2 2 2 1 1
1360007776 382 208 56 55 12 9 6 6 6 3 2 2 2 2 2 2 2 2 1 1
1360015511 382 209 56 55 12 9 6 6 6 3 2 2 2 2 2 2 2 2 1 1
1360016373 382 210 56 55 12 9 6 6 6 3 2 2 2 2 2 2 2 2 1 1
1360019155 382 211 56 55 12 9 6 6 6 3 2 2 2 2 2 2 2 2 1 1
1360019922 382 212 56 55 12 9 6 6 6 3 2 2 2 2 2 2 2 2 1 1
1360020250 382 213 56 55 12 9 6 6 6 3 2 2 2 2 2 2 2 2 1 1
1360020648 382 214 56 55 12 9 6 6 6 3 2 2 2 2 2 2 2 2 1 1
1360023446 382 215 56 55 12 9 6 6 6 3 2 2 2 2 2 2 2 2 1 1
1360091900 382 216 56 55 12 9 6 6 6 3 2 2 2 2 2 2 2 2 1 1
1361564226 382 217 56 55 12 9 6 6 6 3 2 2 2 2 2 2 2 2 1 1
1361570934 382 218 56 55 12 9 6 6 6 3 2 2 2 2 2 2 2 2 1 1
1361601744 382 219 56 55 12 9 6 6 6 3 2 2 2 2 2 2 2 2 1 1
1361659907 382 220 56 55 12 9 6 6 6 3 2 2 2 2 2 2 2 2 1 1
1361662624 382 221 56 55 12 9 6 6 6 3 2 2 2 2 2 2 2 2 1 1
1361677596 382 222 56 55 12 9 6 6 6 3 2 2 2 2 2 2 2 2 1 1
1361743480 382 223 56 55 12 9 6 6 6 3 2 2 2 2 2 2 2 2 1 1
1361746224 382 224 56 55 12 9 6 6 6 3 2 2 2 2 2 2 2 2 1 1
1361988599 382 225 56 55 12 9 6 6 6 3 2 2 2 2 2 2 2 2 1 1
1362156492 382 226 56 55 12 9 6 6 6 3 2 2 2 2 2 2 2 2 1 1
1362157448 382 227 56 55 12 9 6 6 6 3 2 2 2 2 2 2 2 2 1 1
1362157710 382 229 56 55 12 9 6 6 6 3 2 2 2 2 2 2 2 2 1 1
1362158525 382 230 56 55 12 9 6 6 6 3 2 2 2 2 2 2 2 2 1 1
1362158876 382 231 56 55 12 9 6 6 6 3 2 2 2 2 2 2 2 2 1 1
1362160254 382 232 56 55 12 9 6 6 6 3 2 2 2 2 2 2 2 2 1 1
1362184551 382 233 56 55 12 9 6 6 6 3 2 2 2 2 2 2 2 2 1 1
1362192275 382 234 56 55 12 9 6 6 6 3 2 2 2 2 2 2 2 2 1 1
1362252279 382 235 56 55 12 9 6 6 6 3 2 2 2 2 2 2 2 2 1 1
1362713258 382 236 56 55 12 9 6 6 6 3 2 2 2 2 2 2 2 2 1 1
1362713473 382 237 56 55 12 9 6 6 6 3 2 2 2 2 2 2 2 2 1 1
1362723154 382 238 56 55 12 9 6 6 6 3 2 2 2 2 2 2 2 2 1 1
1362855779 382 239 56 55 12 9 6 6 6 3 2 2 2 2 2 2 2 2 1 1
1362856687 382 240 56 55 12 9 6 6 6 3 2 2 2 2 2 2 2 2 1 1
1362857884 382 241 56 55 12 9 6 6 6 3 2 2 2 2 2 2 2 2 1 1
1362863006 382 242 56 55 12 9 6 6 6 3 2 2 2 2 2 2 2 2 1 1
1362864424 382 243 56 55 12 9 6 6 6 3 2 2 2 2 2 2 2 2 1 1
1362867139 382 244 56 55 12 9 6 6 6 3 2 2 2 2 2 2 2 2 1 1
1362874871 382 245 56 55 12 9 6 6 6 3 2 2 2 2 2 2 2 2 1 1
1362876168 382 246 56 55 12 9 6 6 6 3 2 2 2 2 2 2 2 2 1 1
1362984295 382 247 56 55 12 9 6 6 6 3 2 2 2 2 2 2 2 2 1 1
1363017944 382 248 56 55 12 9 6 6 6 3 2 2 2 2 2 2 2 2 1 1
1363042396 382 249 56 55 12 9 6 6 6 3 2 2 2 2 2 2 2 2 1 1
1363043450 382 250 56 55 12 9 6 6 6 3 2 2 2 2 2 2 2 2 1 1
1363044224 382 251 56 55 12 9 6 6 6 3 2 2 2 2 2 2 2 2 1 1
1363044828 382 252 56 55 12 9 6 6 6 3 2 2 2 2 2 2 2 2 1 1
1363046556 382 253 56 55 12 9 6 6 6 3 2 2 2 2 2 2 2 2 1 1
1363161058 382 254 56 55 12 9 6 6 6 3 2 2 2 2 2 2 2 2 1 1
1363194873 382 255 56 55 12 9 6 6 6 3 2 2 2 2 2 2 2 2 1 1
1363214118 382 256 56 55 12 9 6 6 6 3 2 2 2 2 2 2 2 2 1 1
1363214230 382 257 56 55 12 9 6 6 6 3 2 2 2 2 2 2 2 2 1 1
1363221816 382 258 56 55 12 9 6 6 6 3 2 2 2 2 2 2 2 2 1 1
1363223018 382 259 56 55 12 9 6 6 6 3 2 2 2 2 2 2 2 2 1 1
1363243944 382 260 56 55 12 9 6 6 6 3 2 2 2 2 2 2 2 2 1 1
1363293787 382 261 56 55 12 9 6 6 6 3 2 2 2 2 2 2 2 2 1 1
1363300933 382 262 56 55 12 9 6 6 6 3 2 2 2 2 2 2 2 2 1 1
1363659317 382 263 56 55 12 9 6 6 6 3 2 2 2 2 2 2 2 2 1 1
1363834181 382 264 56 55 12 9 6 6 6 3 2 2 2 2 2 2 2 2 1 1
1363889554 382 265 56 55 12 9 6 6 6 3 2 2 2 2 2 2 2 2 1 1
1363894033 382 265 56 56 12 9 6 6 6 3 2 2 2 2 2 2 2 2 1 1
1363984718 382 266 56 56 12 9 6 6 6 3 2 2 2 2 2 2 2 2 1 1
1363984763 382 267 56 56 12 9 6 6 6 3 2 2 2 2 2 2 2 2 1 1
1363985209 382 268 56 56 12 9 6 6 6 3 2 2 2 2 2 2 2 2 1 1
1364264944 382 269 56 56 12 9 6 6 6 3 2 2 2 2 2 2 2 2 1 1
1364265061 382 270 56 56 12 9 6 6 6 3 2 2 2 2 2 2 2 2 1 1
1364312404 382 271 56 56 12 9 6 6 6 3 2 2 2 2 2 2 2 2 1 1
1364312547 382 272 56 56 12 9 6 6 6 3 2 2 2 2 2 2 2 2 1 1
1364313573 382 273 56 56 12 9 6 6 6 3 2 2 2 2 2 2 2 2 1 1
1364313994 382 274 56 56 12 9 6 6 6 3 2 2 2 2 2 2 2 2 1 1
1364319492 382 275 56 56 12 9 6 6 6 3 2 2 2 2 2 2 2 2 1 1
1364326498 382 276 56 56 12 9 6 6 6 3 2 2 2 2 2 2 2 2 1 1
1364339936 382 277 56 56 12 9 6 6 6 3 2 2 2 2 2 2 2 2 1 1
1364352413 382 278 56 56 12 9 6 6 6 3 2 2 2 2 2 2 2 2 1 1
1364492747 382 279 56 56 12 9 6 6 6 3 2 2 2 2 2 2 2 2 1 1
1364492869 382 280 56 56 12 9 6 6 6 3 2 2 2 2 2 2 2 2 1 1
1364497956 382 281 56 56 12 9 6 6 6 3 2 2 2 2 2 2 2 2 1 1
1364502014 382 282 56 56 12 9 6 6 6 3 2 2 2 2 2 2 2 2 1 1
1364512231 382 283 56 56 12 9 6 6 6 3 2 2 2 2 2 2 2 2 1 1
1364514977 382 284 56 56 12 9 6 6 6 3 2 2 2 2 2 2 2 2 1 1
1364516453 382 285 56 56 12 9 6 6 6 3 2 2 2 2 2 2 2 2 1 1
1364516969 382 286 56 56 12 9 6 6 6 3 2 2 2 2 2 2 2 2 1 1
1364531320 382 287 56 56 12 9 6 6 6 3 2 2 2 2 2 2 2 2 1 1
