1198921379 7839 0 0 0 0 0 0 0 0 0 0 0 0 0 0 0 0 0 0 0
1198927516 14008 0 0 0 0 0 0 0 0 0 0 0 0 0 0 0 0 0 0 0
1198927991 14020 0 0 0 0 0 0 0 0 0 0 0 0 0 0 0 0 0 0 0
1198928258 14021 0 0 0 0 0 0 0 0 0 0 0 0 0 0 0 0 0 0 0
1198928485 15673 0 0 0 0 0 0 0 0 0 0 0 0 0 0 0 0 0 0 0
1198929311 15717 0 0 0 0 0 0 0 0 0 0 0 0 0 0 0 0 0 0 0
1198930000 15747 0 0 0 0 0 0 0 0 0 0 0 0 0 0 0 0 0 0 0
1198930893 15802 0 0 0 0 0 0 0 0 0 0 0 0 0 0 0 0 0 0 0
1198932645 16427 0 0 0 0 0 0 0 0 0 0 0 0 0 0 0 0 0 0 0
1198937803 45992 0 0 0 0 0 0 0 0 0 0 0 0 0 0 0 0 0 0 0
1198937835 46068 0 0 0 0 0 0 0 0 0 0 0 0 0 0 0 0 0 0 0
1198940086 46069 0 0 0 0 0 0 0 0 0 0 0 0 0 0 0 0 0 0 0
1198940123 46124 0 0 0 0 0 0 0 0 0 0 0 0 0 0 0 0 0 0 0
1198940718 46131 0 0 0 0 0 0 0 0 0 0 0 0 0 0 0 0 0 0 0
1198940785 46132 0 0 0 0 0 0 0 0 0 0 0 0 0 0 0 0 0 0 0
1198970926 46142 0 0 0 0 0 0 0 0 0 0 0 0 0 0 0 0 0 0 0
1198975067 46423 0 0 0 0 0 0 0 0 0 0 0 0 0 0 0 0 0 0 0
1198978891 46540 0 0 0 0 0 0 0 0 0 0 0 0 0 0 0 0 0 0 0
1198981490 47481 0 0 0 0 0 0 0 0 0 0 0 0 0 0 0 0 0 0 0
1198984550 47643 0 0 0 0 0 0 0 0 0 0 0 0 0 0 0 0 0 0 0
1198986057 47670 0 0 0 0 0 0 0 0 0 0 0 0 0 0 0 0 0 0 0
1198987278 47690 0 0 0 0 0 0 0 0 0 0 0 0 0 0 0 0 0 0 0
1198989113 47721 0 0 0 0 0 0 0 0 0 0 0 0 0 0 0 0 0 0 0
1198992843 47781 0 0 0 0 0 0 0 0 0 0 0 0 0 0 0 0 0 0 0
1198996918 47781 0 0 0 0 0 0 0 0 0 0 0 0 0 0 0 0 0 0 0
1198997000 47794 0 0 0 0 0 0 0 0 0 0 0 0 0 0 0 0 0 0 0
1198998801 47816 0 0 0 0 0 0 0 0 0 0 0 0 0 0 0 0 0 0 0
1198999122 47830 0 0 0 0 0 0 0 0 0 0 0 0 0 0 0 0 0 0 0
1199264132 190804 0 0 0 0 0 0 0 0 0 0 0 0 0 0 0 0 0 0 0
1199275157 190885 0 0 0 0 0 0 0 0 0 0 0 0 0 0 0 0 0 0 0
1199275181 191040 0 0 0 0 0 0 0 0 0 0 0 0 0 0 0 0 0 0 0
1199346098 201738 0 0 0 0 0 0 0 0 0 0 0 0 0 0 0 0 0 0 0
1199437641 201792 0 0 0 0 0 0 0 0 0 0 0 0 0 0 0 0 0 0 0
1199439882 201816 0 0 0 0 0 0 0 0 0 0 0 0 0 0 0 0 0 0 0
1199442414 201825 0 0 0 0 0 0 0 0 0 0 0 0 0 0 0 0 0 0 0
1199444945 201896 0 0 0 0 0 0 0 0 0 0 0 0 0 0 0 0 0 0 0
1199449879 207840 0 0 0 0 0 0 0 0 0 0 0 0 0 0 0 0 0 0 0
1199455016 207878 0 0 0 0 0 0 0 0 0 0 0 0 0 0 0 0 0 0 0
1199486433 207879 0 0 0 0 0 0 0 0 0 0 0 0 0 0 0 0 0 0 0
1199498053 208053 0 0 0 0 0 0 0 0 0 0 0 0 0 0 0 0 0 0 0
1199502929 208067 0 0 0 0 0 0 0 0 0 0 0 0 0 0 0 0 0 0 0
1199580745 208068 0 0 0 0 0 0 0 0 0 0 0 0 0 0 0 0 0 0 0
1199586163 208218 0 0 0 0 0 0 0 0 0 0 0 0 0 0 0 0 0 0 0
1199586239 208244 0 0 0 0 0 0 0 0 0 0 0 0 0 0 0 0 0 0 0
1199586298 208246 0 0 0 0 0 0 0 0 0 0 0 0 0 0 0 0 0 0 0
1199586324 208246 0 0 0 0 0 0 0 0 0 0 0 0 0 0 0 0 0 0 0
1199586376 208260 0 0 0 0 0 0 0 0 0 0 0 0 0 0 0 0 0 0 0
1199587373 209342 0 0 0 0 0 0 0 0 0 0 0 0 0 0 0 0 0 0 0
1199587422 209370 0 0 0 0 0 0 0 0 0 0 0 0 0 0 0 0 0 0 0
1199590312 209482 0 0 0 0 0 0 0 0 0 0 0 0 0 0 0 0 0 0 0
1199689422 209507 0 0 0 0 0 0 0 0 0 0 0 0 0 0 0 0 0 0 0
1199689715 209543 0 0 0 0 0 0 0 0 0 0 0 0 0 0 0 0 0 0 0
1199692407 209689 0 0 0 0 0 0 0 0 0 0 0 0 0 0 0 0 0 0 0
1199864824 209723 0 0 0 0 0 0 0 0 0 0 0 0 0 0 0 0 0 0 0
1199866861 209819 0 0 0 0 0 0 0 0 0 0 0 0 0 0 0 0 0 0 0
1199867550 209853 0 0 0 0 0 0 0 0 0 0 0 0 0 0 0 0 0 0 0
1199867664 209857 0 0 0 0 0 0 0 0 0 0 0 0 0 0 0 0 0 0 0
1199869697 210027 0 0 0 0 0 0 0 0 0 0 0 0 0 0 0 0 0 0 0
1199880753 213147 0 0 0 0 0 0 0 0 0 0 0 0 0 0 0 0 0 0 0
1199881640 213187 0 0 0 0 0 0 0 0 0 0 0 0 0 0 0 0 0 0 0
1199881665 213188 0 0 0 0 0 0 0 0 0 0 0 0 0 0 0 0 0 0 0
1199950883 213196 0 0 0 0 0 0 0 0 0 0 0 0 0 0 0 0 0 0 0
1199952881 213301 0 0 0 0 0 0 0 0 0 0 0 0 0 0 0 0 0 0 0
1199953199 213328 0 0 0 0 0 0 0 0 0 0 0 0 0 0 0 0 0 0 0
1199954058 213348 0 0 0 0 0 0 0 0 0 0 0 0 0 0 0 0 0 0 0
1200035756 213386 0 0 0 0 0 0 0 0 0 0 0 0 0 0 0 0 0 0 0
1200036072 213432 0 0 0 0 0 0 0 0 0 0 0 0 0 0 0 0 0 0 0
1200036506 213489 0 0 0 0 0 0 0 0 0 0 0 0 0 0 0 0 0 0 0
1200387466 213533 0 0 0 0 0 0 0 0 0 0 0 0 0 0 0 0 0 0 0
1200387731 213542 0 0 0 0 0 0 0 0 0 0 0 0 0 0 0 0 0 0 0
1200387986 213549 0 0 0 0 0 0 0 0 0 0 0 0 0 0 0 0 0 0 0
1200388822 213839 0 0 0 0 0 0 0 0 0 0 0 0 0 0 0 0 0 0 0
1200389313 213840 0 0 0 0 0 0 0 0 0 0 0 0 0 0 0 0 0 0 0
1200390793 213864 0 0 0 0 0 0 0 0 0 0 0 0 0 0 0 0 0 0 0
1200391927 213866 0 0 0 0 0 0 0 0 0 0 0 0 0 0 0 0 0 0 0
1200392318 213866 0 0 0 0 0 0 0 0 0 0 0 0 0 0 0 0 0 0 0
1200393724 213867 0 0 0 0 0 0 0 0 0 0 0 0 0 0 0 0 0 0 0
1200394755 213876 0 0 0 0 0 0 0 0 0 0 0 0 0 0 0 0 0 0 0
1200398222 214011 0 0 0 0 0 0 0 0 0 0 0 0 0 0 0 0 0 0 0
1200398693 214030 0 0 0 0 0 0 0 0 0 0 0 0 0 0 0 0 0 0 0
1200398787 214036 0 0 0 0 0 0 0 0 0 0 0 0 0 0 0 0 0 0 0
1200449977 237616 0 0 0 0 0 0 0 0 0 0 0 0 0 0 0 0 0 0 0
1200449999 281158 0 0 0 0 0 0 0 0 0 0 0 0 0 0 0 0 0 0 0
1200450013 281370 0 0 0 0 0 0 0 0 0 0 0 0 0 0 0 0 0 0 0
1200450032 286641 0 0 0 0 0 0 0 0 0 0 0 0 0 0 0 0 0 0 0
1200450084 286647 0 0 0 0 0 0 0 0 0 0 0 0 0 0 0 0 0 0 0
1200450159 286654 0 0 0 0 0 0 0 0 0 0 0 0 0 0 0 0 0 0 0
1200466240 286654 0 0 0 0 0 0 0 0 0 0 0 0 0 0 0 0 0 0 0
1200466688 286667 0 0 0 0 0 0 0 0 0 0 0 0 0 0 0 0 0 0 0
1200466754 286667 0 0 0 0 0 0 0 0 0 0 0 0 0 0 0 0 0 0 0
1200467054 286676 0 0 0 0 0 0 0 0 0 0 0 0 0 0 0 0 0 0 0
1200468920 286678 0 0 0 0 0 0 0 0 0 0 0 0 0 0 0 0 0 0 0
1200718703 286679 0 0 0 0 0 0 0 0 0 0 0 0 0 0 0 0 0 0 0
1200721780 286682 0 0 0 0 0 0 0 0 0 0 0 0 0 0 0 0 0 0 0
1200723193 286695 0 0 0 0 0 0 0 0 0 0 0 0 0 0 0 0 0 0 0
1200726885 286695 0 0 0 0 0 0 0 0 0 0 0 0 0 0 0 0 0 0 0
1200726985 291557 0 0 0 0 0 0 0 0 0 0 0 0 0 0 0 0 0 0 0
1200728450 291564 0 0 0 0 0 0 0 0 0 0 0 0 0 0 0 0 0 0 0
1200729555 291573 0 0 0 0 0 0 0 0 0 0 0 0 0 0 0 0 0 0 0
1201395366 291574 0 0 0 0 0 0 0 0 0 0 0 0 0 0 0 0 0 0 0
1202453677 291589 0 0 0 0 0 0 0 0 0 0 0 0 0 0 0 0 0 0 0
1202453836 291616 0 0 0 0 0 0 0 0 0 0 0 0 0 0 0 0 0 0 0
1202454143 291630 0 0 0 0 0 0 0 0 0 0 0 0 0 0 0 0 0 0 0
1202455457 291852 0 0 0 0 0 0 0 0 0 0 0 0 0 0 0 0 0 0 0
1202526164 291872 0 0 0 0 0 0 0 0 0 0 0 0 0 0 0 0 0 0 0
1202530758 291873 0 0 0 0 0 0 0 0 0 0 0 0 0 0 0 0 0 0 0
1202532251 291878 0 0 0 0 0 0 0 0 0 0 0 0 0 0 0 0 0 0 0
1202532743 292343 0 0 0 0 0 0 0 0 0 0 0 0 0 0 0 0 0 0 0
1202533880 292409 0 0 0 0 0 0 0 0 0 0 0 0 0 0 0 0 0 0 0
1202535064 292418 0 0 0 0 0 0 0 0 0 0 0 0 0 0 0 0 0 0 0
1202535217 292418 0 0 0 0 0 0 0 0 0 0 0 0 0 0 0 0 0 0 0
1202536851 292453 0 0 0 0 0 0 0 0 0 0 0 0 0 0 0 0 0 0 0
1202537607 292475 0 0 0 0 0 0 0 0 0 0 0 0 0 0 0 0 0 0 0
1202538253 292505 0 0 0 0 0 0 0 0 0 0 0 0 0 0 0 0 0 0 0
1202538810 292511 0 0 0 0 0 0 0 0 0 0 0 0 0 0 0 0 0 0 0
1202538943 292523 0 0 0 0 0 0 0 0 0 0 0 0 0 0 0 0 0 0 0
1202539167 292524 0 0 0 0 0 0 0 0 0 0 0 0 0 0 0 0 0 0 0
1203311294 292524 0 0 0 0 0 0 17 0 0 0 0 0 0 0 0 0 0 0 0
1203581383 292531 0 0 0 0 0 0 17 0 0 0 0 0 0 0 0 0 0 0 0
1203581410 292542 0 0 0 0 0 0 17 0 0 0 0 0 0 0 0 0 0 0 0
1203581469 292579 0 0 0 0 0 0 61 0 0 0 0 0 0 0 0 0 0 0 0
1203581890 292580 0 0 0 0 0 0 61 0 0 0 0 0 0 0 0 0 0 0 0
1203582574 292580 0 0 0 0 0 0 61 0 0 0 0 0 0 0 0 0 0 0 0
1203582749 292582 0 0 0 0 0 0 61 0 0 0 0 0 0 0 0 0 0 0 0
1203583090 292590 0 0 0 0 0 0 61 0 0 0 0 0 0 0 0 0 0 0 0
1203583250 292603 0 0 0 0 0 0 61 0 0 0 0 0 0 0 0 0 0 0 0
1203584214 292609 0 0 0 0 0 0 61 0 0 0 0 0 0 0 0 0 0 0 0
1203590399 292610 0 0 0 0 0 0 61 0 0 0 0 0 0 0 0 0 0 0 0
1203737969 292758 0 0 0 0 0 0 61 0 0 0 0 0 0 0 0 0 0 0 0
1203739295 292796 0 0 0 0 0 0 61 0 0 0 0 0 0 0 0 0 0 0 0
1204268104 292837 0 0 0 0 0 0 61 0 0 0 0 0 0 0 0 0 0 0 0
1204284115 293007 0 0 0 0 0 0 61 0 0 0 0 0 0 41371 0 0 0 0 0
1204285679 293032 0 0 0 0 0 0 61 0 0 0 0 0 0 41371 0 0 0 0 0
1204291243 293138 0 0 0 0 0 0 61 0 0 0 0 0 0 41371 0 0 0 0 0
1205906507 293144 0 0 0 0 0 0 61 0 0 0 0 0 0 41371 0 0 0 0 0
1207977829 293145 0 0 0 0 0 0 61 0 0 0 0 0 0 41371 0 0 0 0 0
1207982072 293832 0 0 0 0 0 0 61 0 0 0 0 0 0 41371 0 0 0 0 0
1207984440 293930 0 0 0 0 0 0 61 0 0 0 0 0 0 41371 0 0 0 0 0
1207987213 293931 0 0 0 0 0 0 61 0 0 0 0 0 0 41371 0 0 0 0 0
1208046416 293956 0 0 0 0 0 0 61 0 0 0 0 0 0 41371 0 0 0 0 0
1208053836 293974 0 0 0 0 0 0 61 0 0 96 0 0 0 41371 0 0 0 0 0
1208056097 293987 0 0 0 0 0 0 61 0 0 96 0 0 0 41371 0 0 0 0 0
1208065631 294241 0 0 0 0 0 0 61 0 0 96 0 0 0 41371 0 0 0 0 0
1208069450 294296 0 0 0 0 0 0 61 0 0 96 0 0 0 41371 0 0 0 0 0
1208070229 294362 0 0 0 0 0 0 61 0 0 96 0 0 0 41371 0 0 0 0 0
1208157632 294378 0 0 0 0 0 0 61 0 0 96 0 0 0 41371 0 0 0 0 0
1208157658 294760 0 0 0 0 0 0 61 0 0 96 0 0 0 41371 0 0 0 0 0
1208169336 294982 0 0 0 0 0 0 61 0 0 96 0 0 0 41371 0 0 0 0 0
1208171917 295065 0 0 0 0 0 0 61 0 0 96 0 0 0 41371 0 0 0 0 0
1208172462 295079 0 0 0 0 0 0 61 0 0 96 0 0 0 41371 0 0 0 0 0
1208334655 295093 0 0 0 0 0 0 61 0 0 96 0 0 0 41371 0 0 0 0 0
1208336934 295094 0 0 0 0 0 0 61 0 0 96 0 0 0 41371 0 0 0 0 0
1208338292 295136 0 0 0 0 0 0 61 0 0 96 0 0 0 41371 0 0 0 0 0
1208339673 295141 0 0 0 0 0 0 108 0 0 96 0 0 0 41371 0 0 0 0 0
1208422443 295146 0 0 0 0 0 0 108 0 0 96 0 0 0 41371 0 0 0 0 0
1208422605 295146 0 0 0 0 0 0 108 0 0 96 0 0 0 41371 0 0 0 0 0
1208557351 295158 0 0 0 0 0 0 108 0 0 96 0 0 0 41371 0 0 0 0 0
1208559038 295327 0 0 0 0 0 0 108 0 0 96 0 0 0 41371 0 0 0 0 0
1208562485 295398 0 0 0 0 0 0 108 0 0 96 0 0 0 41371 0 0 0 0 0
1208563429 295660 0 0 0 0 0 0 108 0 0 96 0 0 0 41371 0 0 0 0 0
1208565789 295672 0 0 0 0 0 0 108 0 0 96 0 0 0 41371 0 0 0 0 0
1208565815 295672 0 0 0 0 0 0 108 0 0 96 0 0 0 41371 0 0 0 0 0
1208569071 295771 0 0 0 0 0 0 108 0 0 96 0 0 0 41371 0 0 0 0 0
1208587523 295771 0 0 0 0 0 0 108 0 0 96 0 0 0 41371 0 0 0 0 0
1208587751 295778 0 0 0 0 0 0 108 0 0 96 0 0 0 41371 0 0 0 0 0
1208588103 296490 0 0 0 0 0 0 108 0 0 96 0 0 0 41371 0 0 0 0 0
1208590133 296494 0 0 0 0 0 0 108 0 0 96 0 0 0 41371 0 0 0 0 0
1208592666 296621 0 0 0 0 0 0 108 0 0 96 0 0 0 41371 0 0 0 0 0
1208593870 300588 0 0 0 0 0 0 108 0 0 96 0 0 0 41371 0 0 0 0 0
1208664933 300678 0 0 0 0 0 0 108 0 0 96 0 0 0 41371 0 0 0 0 0
1208665364 300728 0 0 0 0 0 0 108 0 0 96 0 0 0 41371 0 0 0 0 0
1208666450 301144 0 0 0 0 0 0 108 0 0 96 0 0 0 41371 0 0 0 0 0
1208667592 301192 0 0 0 0 0 0 108 0 0 96 0 0 0 41371 0 0 0 0 0
1208667975 301214 0 0 0 0 0 0 108 0 0 96 0 0 0 41371 0 0 0 0 0
1208690438 302208 0 0 0 0 0 0 108 0 0 96 0 0 0 41371 0 0 0 0 0
1208692084 302387 0 0 0 0 0 0 108 0 0 96 0 0 0 41371 0 0 0 0 0
1208773734 302628 0 0 0 0 0 0 108 0 0 96 0 0 0 41371 0 0 0 0 0
1208785674 302734 0 0 0 0 0 0 108 0 0 96 0 0 0 41371 0 0 0 0 0
1208846732 302769 0 0 0 0 0 0 108 0 0 96 0 0 0 41371 0 0 0 0 0
1208847067 303041 0 0 0 0 0 0 108 0 0 96 0 0 0 41371 0 0 0 0 0
1208847504 303084 0 0 0 0 0 0 108 0 0 96 0 0 0 41371 0 0 0 0 0
1208847612 303106 0 0 0 0 0 0 108 0 0 96 0 0 0 41371 0 0 0 0 0
1208863350 303157 0 0 0 0 0 0 108 0 0 96 0 0 0 41371 0 0 0 0 0
1208863577 303158 0 0 0 0 0 0 108 0 0 96 0 0 0 41371 0 0 0 0 0
1208863743 303205 0 0 0 0 0 0 108 0 0 96 0 0 0 41371 0 0 0 0 0
1208956665 303523 0 0 0 0 0 0 108 0 0 96 0 0 0 41371 0 0 0 0 0
1208956723 303525 0 0 0 0 0 0 108 0 0 96 0 0 0 41371 0 0 0 0 0
1209011330 303531 0 0 0 0 0 0 108 0 0 96 0 0 0 41371 0 0 0 0 0
1209011555 303537 0 0 0 0 0 0 108 0 0 96 0 0 0 41371 0 0 0 0 0
1209016354 303718 0 0 0 0 0 0 108 0 0 96 0 0 0 41371 0 0 0 0 0
1209016620 303764 0 0 0 0 0 0 108 0 0 96 0 0 0 41371 0 0 0 0 0
1209016700 303766 0 0 0 0 0 0 108 0 0 96 0 0 0 41371 0 0 0 0 0
1209371839 303840 0 0 0 0 0 0 108 0 0 96 0 0 0 41371 0 0 0 0 0
1209372037 303845 0 0 0 0 0 0 108 0 0 96 0 0 0 41371 0 0 0 0 0
1209372636 303875 0 0 0 0 0 0 108 0 0 96 0 0 0 41371 0 0 0 0 0
1209372756 303881 0 0 0 0 0 0 108 0 0 96 0 0 0 41371 0 0 0 0 0
1209380854 303938 0 0 0 0 0 0 108 0 0 96 0 0 0 41371 0 0 0 0 0
1209381831 304015 0 0 0 0 0 0 108 0 0 96 0 0 0 41371 0 0 0 0 0
1209793985 304276 0 0 0 0 0 0 108 0 0 96 0 0 0 41371 0 0 0 0 0
1209794876 304290 0 0 0 0 0 0 108 0 0 96 0 0 0 41371 0 0 0 0 0
1210990027 304291 0 0 0 0 0 0 108 0 0 96 0 0 0 41371 0 0 0 0 0
1210991494 304301 0 0 0 0 0 0 108 0 0 96 0 0 0 41371 0 0 0 0 0
1210991797 304318 0 0 0 0 0 0 108 0 0 96 2 0 0 41371 0 0 0 0 0
1210992404 304319 0 0 0 0 0 0 108 0 0 96 3 0 0 41371 0 0 0 0 0
1210993099 304320 0 0 0 0 0 0 108 0 0 96 3 0 0 41371 0 0 0 0 0
1210993502 304321 0 0 0 0 0 0 108 0 0 96 3 0 0 41371 0 0 0 0 0
1210995602 304325 0 0 0 0 0 0 108 0 0 96 3 0 0 41371 0 0 0 0 0
1211005216 304326 0 0 0 0 0 0 108 0 0 96 3 0 0 41371 0 0 0 0 0
1216423497 304327 0 0 0 0 0 0 108 0 0 96 3 0 0 41371 0 0 0 0 0
1219483820 304327 0 0 0 0 0 0 108 0 0 96 3 14 0 41371 0 0 0 0 0
1219738240 304327 0 0 0 0 0 0 108 0 0 96 3 16 0 41371 0 0 0 0 0
1219876118 304334 0 0 0 0 0 0 108 0 0 96 3 16 0 41371 0 0 0 0 0
1219876742 304347 0 0 0 0 0 0 108 0 0 96 3 16 0 41371 0 0 0 0 0
1219877383 304354 0 0 0 0 0 0 108 0 0 96 3 16 0 41371 0 0 0 0 0
1220477771 304355 0 0 0 0 0 0 108 0 0 96 3 16 0 41371 0 0 0 0 0
1221333531 304355 0 0 0 0 0 0 108 0 0 96 3 16 0 41371 0 0 0 0 1
1221786146 304357 0 0 0 0 0 0 108 0 0 96 3 16 0 41371 0 0 0 0 1
1221786619 372822 0 0 0 0 0 0 108 0 0 96 3 16 0 41371 0 0 0 0 1
1221788713 402602 0 0 0 0 0 0 108 0 0 96 3 16 0 41371 0 0 0 0 1
1221789708 402605 0 0 0 0 0 0 108 0 0 96 3 16 0 41371 0 0 0 0 1
1221791470 402725 0 0 0 0 0 0 108 0 0 96 3 16 0 41371 0 0 0 0 1
1221791617 402734 0 0 0 0 0 0 108 0 0 96 3 16 0 41371 0 0 0 0 1
1222805695 402735 0 0 0 0 0 0 108 0 0 96 3 16 0 41371 0 0 0 0 1
1222907538 402745 0 0 0 0 0 0 108 0 0 96 3 16 0 41371 0 0 0 0 1
1222963314 402758 0 0 0 0 0 0 108 0 0 96 3 16 0 41371 0 0 0 0 1
1223456714 402758 0 32905 0 0 0 0 108 0 0 96 3 16 0 41371 0 0 0 0 1
1223457034 402758 0 32907 0 0 0 0 108 0 0 96 3 16 0 41371 0 0 0 0 1
1223458307 402758 0 35994 0 0 0 0 108 0 0 96 3 16 0 41371 0 0 0 0 1
1223458344 402758 0 35995 0 0 0 0 108 0 0 96 3 16 0 41371 0 0 0 0 1
1223459888 402758 0 43419 0 0 0 0 108 0 0 96 3 16 0 41371 0 0 0 0 1
1223460955 402758 0 43422 0 0 0 0 108 0 0 96 3 16 0 41371 0 0 0 0 1
1223461041 402758 0 43423 0 0 0 0 108 0 0 96 3 16 0 41371 0 0 0 0 1
1223474101 402758 0 43428 0 0 0 0 108 0 0 96 3 16 0 41371 0 0 0 0 1
1223478403 402759 0 43428 0 0 0 0 108 0 0 96 3 16 0 41371 0 0 0 0 1
1223478600 402759 0 43438 0 0 0 0 108 0 0 96 3 16 0 41371 0 0 0 0 1
1223479405 402778 0 43438 0 0 0 0 108 0 0 96 3 16 0 41371 0 0 0 0 1
1223524938 402778 0 43438 0 0 0 0 108 0 0 96 3 16 0 41371 0 0 0 0 1
1223525675 402778 0 43440 0 0 0 0 108 0 0 96 3 16 0 41371 0 0 0 0 1
1223531537 402778 0 43440 0 0 0 0 108 0 0 96 3 16 0 41371 0 0 0 0 1
1223688966 402782 0 43440 0 0 0 0 108 0 0 96 3 16 0 41371 0 0 0 0 1
1223688979 402790 0 43440 0 0 0 0 108 0 0 96 3 16 0 41371 0 0 0 0 1
1223688993 402790 0 43440 0 0 0 0 108 0 0 96 3 16 0 41371 0 0 0 0 1
1223689101 402792 0 43440 0 0 0 0 108 0 0 96 3 16 0 41371 0 0 0 0 1
1223785978 402793 0 43440 0 0 0 0 108 0 0 96 3 16 0 41371 0 0 0 0 1
1223786060 402794 0 43440 0 0 0 0 108 0 0 96 3 16 0 41371 0 0 0 0 1
1223786164 402794 0 43440 0 0 0 0 108 0 0 96 3 16 0 41371 0 0 0 0 1
1223786445 402794 0 43440 0 0 0 0 108 0 0 96 3 16 0 41371 0 0 0 0 1
1223786457 402794 0 43440 0 0 0 0 108 0 0 96 3 16 0 41371 0 0 0 0 1
1223786652 402794 0 43440 0 0 0 0 108 0 0 96 3 16 0 41371 0 0 0 0 1
1223788079 404465 0 43440 0 0 0 0 108 0 0 96 3 16 0 41371 0 0 0 0 1
1223788088 406224 0 43440 0 0 0 0 108 0 0 96 3 16 0 41371 0 0 0 0 1
1223788113 420061 0 43440 0 0 0 0 108 0 0 96 3 16 0 41371 0 0 0 0 1
1223788188 420120 0 43440 0 0 0 0 108 0 0 96 3 16 0 41371 0 0 0 0 1
1223788238 420153 0 43440 0 0 0 0 108 0 0 96 3 16 0 41371 0 0 0 0 1
1224288582 420235 0 43440 0 0 0 0 108 0 0 96 3 16 0 41371 0 0 0 0 1
1224739357 420236 0 43440 0 0 0 0 108 0 0 96 3 16 0 41371 0 0 0 0 1
1224740229 420238 0 43440 0 0 0 0 108 0 0 96 3 16 0 41371 0 0 0 0 1
1225229911 420248 0 43440 0 0 0 0 108 0 0 96 3 16 0 41371 0 0 0 0 1
1225229924 420508 0 43440 0 0 0 0 108 0 0 96 3 16 0 41371 0 0 0 0 1
1225467055 420508 0 43441 0 0 0 0 108 0 0 96 3 16 0 41371 0 0 0 0 1
1225938385 420516 0 43441 0 0 0 0 108 0 0 96 3 16 0 41371 0 0 0 0 1
1225938439 420523 0 43441 0 0 0 0 108 0 0 96 3 16 0 41371 0 0 0 0 1
1225938845 420538 0 43441 0 0 0 0 108 0 0 96 3 16 0 41371 0 0 0 0 1
1226022772 420548 0 43441 0 0 0 0 108 0 0 96 3 16 0 41371 0 0 0 0 1
1226022954 420553 0 43441 0 0 0 0 108 0 0 96 3 16 0 41371 0 0 0 0 1
1226039061 420553 0 43441 0 0 0 0 108 0 0 96 3 16 0 41371 0 0 0 0 1
1226202577 420553 0 43453 0 0 0 0 108 0 0 96 3 16 0 41371 0 0 0 0 1
1226203446 420553 0 43457 0 0 0 0 108 0 0 96 3 16 0 41371 0 0 0 0 1
1226223459 420553 0 43458 0 0 0 0 108 0 0 96 3 16 0 41371 0 0 0 0 1
1226703490 420553 0 43459 0 0 0 0 108 0 0 96 3 16 0 41371 0 0 0 0 1
1226719791 420553 0 43460 0 0 0 0 108 0 0 96 3 16 0 41371 0 0 0 0 1
1226737672 420553 0 43633 0 0 0 0 108 0 0 96 3 16 0 41371 0 0 0 0 1
1226738829 420553 0 43634 0 0 0 0 108 0 0 96 3 16 0 41371 0 0 0 0 1
1226739664 420553 0 43696 0 0 0 0 108 0 0 96 3 16 0 41371 0 0 0 0 1
1226740529 420553 0 43700 0 0 0 0 108 0 0 96 3 16 0 41371 0 0 0 0 1
1226741240 420553 0 43723 0 0 0 0 108 0 0 96 3 16 0 41371 0 0 0 0 1
1226785277 420553 0 43737 0 0 0 0 108 0 0 96 3 16 0 41371 0 0 0 0 1
1226790530 420553 0 47571 0 0 0 0 108 0 0 96 3 16 0 41371 0 0 0 0 1
1226820548 420553 0 47573 0 0 0 0 108 0 0 96 3 16 0 41371 0 0 0 0 1
1226823997 420553 0 47583 0 0 0 0 108 0 0 96 3 16 0 41371 0 0 0 0 1
1226829505 420553 0 47590 0 0 0 0 108 0 0 96 3 16 0 41371 0 0 0 0 1
1226829549 420553 0 47601 0 0 0 0 108 0 0 96 3 16 0 41371 0 0 0 0 1
1226842761 420553 0 47638 0 0 0 0 108 0 0 96 3 16 0 41371 0 0 0 0 1
1226844172 420553 0 47640 0 0 0 0 108 0 0 96 3 16 0 41371 0 0 0 0 1
1226850043 420553 0 47642 0 0 0 0 108 0 0 96 3 16 0 41371 0 0 0 0 1
1226897503 420553 0 47727 0 0 0 0 108 0 0 96 3 16 0 41371 0 0 0 0 1
1226897965 420553 0 47729 0 0 0 0 108 0 0 96 3 16 0 41371 0 0 0 0 1
1226898332 420553 0 47730 0 0 0 0 108 0 0 96 3 16 0 41371 0 0 0 0 1
1226899231 420553 0 47731 0 0 0 0 108 0 0 96 3 16 0 41371 0 0 0 0 1
1226912991 420553 0 47736 0 0 0 0 108 0 0 96 3 16 0 41371 0 0 0 0 1
1226919587 420553 0 47746 0 0 0 0 108 0 0 96 3 16 0 41371 0 0 0 0 1
1226920592 420553 0 47751 0 0 0 0 108 0 0 96 3 16 0 41371 0 0 0 0 1
1226936173 420553 0 47753 0 0 0 0 108 0 0 96 3 16 0 41371 0 0 0 0 1
1226936504 420553 0 47754 0 0 0 0 108 0 0 96 3 16 0 41371 0 0 0 0 1
1226993461 420553 0 47755 0 0 0 0 108 0 0 96 3 16 0 41371 0 0 0 0 1
1226999433 420553 0 47768 0 0 0 0 108 0 0 96 3 16 0 41371 0 0 0 0 1
1227000252 420553 0 47775 0 0 0 0 108 0 0 96 3 16 0 41371 0 0 0 0 1
1227542259 420553 0 132419 0 0 0 0 108 0 0 96 3 16 0 41371 0 0 0 0 1
1228118771 420554 0 132419 0 0 0 0 108 0 0 96 3 16 0 41371 0 0 0 0 1
1228123226 420563 0 132419 0 0 0 0 108 0 0 96 3 16 0 41371 0 0 0 0 1
1228256572 420563 0 132419 0 0 0 0 108 0 0 96 3 16 0 41371 0 0 0 0 1
1228446817 420563 0 132419 0 0 0 0 108 0 352 96 3 16 0 41371 0 0 0 0 1
1228447231 420567 0 132419 0 0 0 0 108 0 352 96 3 16 0 41371 0 0 0 0 1
1228451786 420567 0 132419 0 0 0 0 108 0 352 96 3 16 0 41371 0 0 0 0 1
1228808602 420567 0 132419 0 0 0 0 108 0 637 96 3 16 0 41371 0 0 0 0 1
1229043998 420567 0 132419 0 0 0 0 108 0 637 96 3 16 0 41371 0 0 0 0 1
1229129554 420568 0 132419 0 0 36 0 108 0 2177 96 3 16 0 41371 0 0 0 0 1
1229182718 420568 0 132419 0 0 37 0 108 0 2177 96 3 16 0 41371 0 0 0 0 1
1229184035 420568 0 132419 0 0 57 0 108 0 2177 96 3 16 0 41371 0 0 0 0 1
1229184324 420568 0 132419 0 0 129 0 108 0 2177 96 3 16 0 41371 0 0 0 0 1
1229184513 420568 0 132419 0 0 130 0 108 0 2177 96 3 16 0 41371 0 0 0 0 1
1229814865 420636 0 132419 0 0 130 0 108 0 2177 96 3 16 0 41371 0 0 0 0 1
1229815582 420639 0 132419 0 0 130 0 108 0 2177 96 3 16 0 41371 0 0 0 0 1
1229819434 420639 0 132419 0 0 130 0 108 0 2177 96 3 16 0 41371 0 0 0 0 1
1229820008 427926 0 132419 0 0 130 0 108 0 2177 96 3 16 0 41371 0 0 0 0 1
1229821920 427926 0 132419 0 0 130 0 108 0 2177 96 3 16 0 41371 0 0 0 0 1
1229821936 483670 0 132419 0 0 130 0 108 0 2177 96 3 16 0 41371 0 0 0 0 1
1229824457 483716 0 132419 0 0 130 0 108 0 2177 96 3 16 0 41371 0 0 0 0 1
1229974575 483721 0 132419 0 0 130 0 108 0 2177 96 3 16 0 41371 0 0 0 0 1
1229974671 483724 0 132419 0 0 130 0 108 0 2177 96 3 16 0 41371 0 0 0 0 1
1229974737 483724 0 132419 0 0 130 0 108 0 2177 96 3 16 0 41371 0 0 0 0 1
1230083478 483725 0 132419 0 0 130 0 108 0 2177 96 3 16 0 41371 0 0 0 0 1
1230084174 483770 0 132419 0 0 130 0 108 0 2177 96 3 16 0 41371 0 0 0 0 1
1230084625 483780 0 132419 0 0 130 0 108 0 2177 96 3 16 0 41371 0 0 0 0 1
1230085424 483782 0 132419 0 0 130 0 108 0 2177 96 3 16 0 41371 0 0 0 0 1
1230085582 483786 0 132419 0 0 130 0 108 0 2177 96 3 16 0 41371 0 0 0 0 1
1231484315 483786 0 132420 0 0 130 0 108 0 2177 96 3 16 0 41371 0 0 0 0 1
1231484651 483786 0 132890 0 0 130 0 108 0 2177 96 3 16 0 41371 0 0 0 0 1
1231484719 483786 0 132891 0 0 130 0 108 0 2177 96 3 16 0 41371 0 0 0 0 1
1231486521 483786 0 132893 0 0 130 0 108 0 2177 96 3 16 0 41371 0 0 0 0 1
1231969736 483787 0 132893 0 0 130 0 108 0 2177 96 3 16 0 41371 0 0 0 0 1
1232028917 483787 0 132894 0 0 130 0 108 0 2177 96 3 16 0 41371 0 0 0 0 1
1232135549 483787 0 132967 0 0 130 0 108 0 2177 96 3 16 0 41371 0 0 0 0 1
1232164017 483787 0 132977 0 0 130 0 108 0 2177 96 3 16 0 41371 0 0 0 0 1
1232686630 483787 0 134912 0 0 130 0 108 0 2177 96 3 16 0 41371 0 0 0 0 1
1237265797 483787 0 134912 0 0 130 0 108 0 2177 96 3 16 0 41371 0 275 0 0 1
1237269063 483787 0 134912 0 0 130 0 108 0 2177 96 3 16 0 41371 0 279 0 0 1
1237695756 483789 0 134912 0 0 130 0 108 0 2177 96 3 16 0 41371 0 279 0 0 1
1237699631 483792 0 134912 0 0 130 0 108 0 2177 96 3 16 0 41371 0 279 0 0 1
1245479943 483797 0 134912 0 0 130 0 108 0 2177 96 3 16 0 41371 0 279 0 0 1
1249022290 483804 0 134912 0 0 130 0 108 0 2177 96 3 16 0 41371 0 279 0 0 1
1256623302 483814 0 134912 0 0 130 0 108 0 2177 96 3 16 0 41371 0 279 0 0 1
1256693347 483819 0 134912 0 0 130 0 108 0 2177 96 3 16 0 41371 0 279 0 0 1
1256693934 483833 0 134912 0 0 130 0 108 0 2177 96 3 16 0 41371 0 279 0 0 1
1256695464 483843 0 134912 0 0 130 0 108 0 2177 96 3 16 0 41371 0 279 0 0 1
1256695896 483845 0 134912 0 0 130 0 108 0 2177 96 3 16 0 41371 0 279 0 0 1
1257827162 483845 0 134912 0 0 130 0 108 0 2177 96 3 16 0 41371 0 279 0 0 1
1259940653 483845 0 134912 0 0 130 0 108 0 2177 96 3 16 0 41371 0 279 0 42 1
1260087912 483857 0 134912 0 0 130 0 108 0 2177 96 3 16 0 41371 0 279 0 42 1
1260089376 483861 0 134912 0 0 130 0 108 0 2177 96 3 16 0 41371 0 279 0 42 1
1260089564 483867 0 134912 0 0 130 0 108 0 2177 96 3 16 0 41371 0 279 0 42 1
1260089585 484267 0 134912 0 0 130 0 108 0 2177 96 3 16 0 41371 0 279 0 42 1
1263508202 484267 0 134912 0 0 130 0 108 0 2177 96 3 16 1 41371 0 279 0 42 1
1263509168 484267 0 134912 0 0 130 0 108 0 2177 96 3 16 2 41371 0 279 0 42 1
1275023628 484272 0 134912 0 0 130 0 108 0 2177 96 3 16 2 41371 0 279 0 42 1
1275023889 484283 0 134912 0 0 130 0 108 0 2177 96 3 16 2 41371 0 279 0 42 1
1283420385 484283 0 134912 0 35 130 0 108 0 2177 96 3 16 2 41371 0 279 0 42 1
1283421513 484283 0 134912 0 40 130 0 108 0 2177 96 3 16 2 41371 0 279 0 42 1
1283422503 484283 0 134912 0 47 130 0 108 0 2177 96 3 16 2 41371 0 279 0 42 1
1283423093 484283 0 134912 0 52 130 0 108 0 2177 96 3 16 2 41371 0 279 0 42 1
1283423295 484283 0 134912 0 53 130 0 108 0 2177 96 3 16 2 41371 0 279 0 42 1
1283426618 484283 0 134912 0 55 130 0 108 0 2177 96 3 16 2 41371 0 279 0 42 1
1283612139 484283 0 134912 0 57 130 0 108 0 2177 96 3 16 2 41371 0 279 0 42 1
1283613600 484283 0 134912 0 60 130 0 108 0 2177 96 3 16 2 41371 0 279 0 42 1
1283645031 484283 0 134912 0 226 130 0 108 0 2177 96 3 16 2 41371 0 279 0 42 1
1283659377 484283 0 134912 0 228 130 0 108 0 2177 96 3 16 2 41371 0 279 0 42 1
1289661672 484283 0 136078 0 228 130 0 108 0 2177 96 3 16 2 41371 0 279 0 42 1
1289664107 484283 0 136555 0 228 130 0 108 0 2177 96 3 16 2 41371 0 279 0 42 1
1289711568 484300 0 136555 0 228 130 0 108 0 2177 96 3 16 2 41371 0 279 0 42 1
1289712114 484316 0 136555 0 228 130 0 108 0 2177 96 3 16 2 41371 0 279 0 42 1
1289713329 484321 0 136555 0 228 130 0 108 0 2177 96 3 16 2 41371 0 279 0 42 1
1289713778 484829 0 136555 0 228 130 0 108 0 2177 96 3 16 2 41371 0 279 0 42 1
1289714338 484831 0 136555 0 228 130 0 108 0 2177 96 3 16 2 41371 0 279 0 42 1
1289714444 484836 0 136555 0 228 130 0 108 0 2177 96 3 16 2 41371 0 279 0 42 1
1289714556 484840 0 136555 0 228 130 0 108 0 2177 96 3 16 2 41371 0 279 0 42 1
1289721606 484845 0 136555 0 228 130 0 108 0 2177 96 3 16 2 41371 0 279 0 42 1
1289721968 484850 0 136555 0 228 130 0 108 0 2177 96 3 16 2 41371 0 279 0 42 1
1289722453 484872 0 136555 0 228 130 0 108 0 2177 96 3 16 2 41371 0 279 0 42 1
1289723088 484876 0 136555 0 228 130 0 108 0 2177 96 3 16 2 41371 0 279 0 42 1
1289723637 484876 0 136555 0 228 130 0 108 0 2177 96 3 16 2 41371 0 279 0 42 1
1289724198 484886 0 136555 0 228 130 0 108 0 2177 96 3 16 2 41371 0 279 0 42 1
1289725030 484888 0 136555 0 228 130 0 108 0 2177 96 3 16 2 41371 0 279 0 42 1
1290126164 484890 0 136555 0 228 130 0 108 0 2177 96 3 16 2 41371 0 279 0 42 1
1290126203 484890 0 136555 0 228 130 0 108 0 2177 96 3 16 2 41371 0 279 0 42 1
1290126238 484892 0 136555 0 228 130 0 108 0 2177 96 3 16 2 41371 0 279 0 42 1
1290126631 484934 0 136555 0 228 130 0 108 0 2177 96 3 16 2 41371 0 279 0 42 1
1290126665 484945 0 136555 0 228 130 0 108 0 2177 96 3 16 2 41371 0 279 0 42 1
1290127228 484947 0 136555 0 228 130 0 108 0 2177 96 3 16 2 41371 0 279 0 42 1
1290328734 484952 0 136555 0 228 130 0 108 0 2177 96 3 16 2 41371 0 279 0 42 1
1290671936 484985 0 136555 0 228 130 0 108 0 2177 96 3 16 2 41371 0 279 0 42 1
1291346558 484995 0 136555 0 228 130 0 108 0 2177 96 3 16 2 41371 0 279 0 42 1
1291347042 484996 0 136555 0 228 130 0 108 0 2177 96 3 16 2 41371 0 279 0 42 1
1291347354 484997 0 136555 0 228 130 0 108 5 2177 96 3 16 2 41371 0 279 0 42 1
1291348469 485007 0 136555 0 228 130 0 108 5 2177 96 3 16 2 41371 0 279 0 42 1
1291349004 485022 0 136555 0 228 130 0 108 5 2177 96 3 16 2 41371 0 279 0 42 1
1291349859 485029 0 136555 0 228 130 0 108 5 2177 96 3 16 2 41371 0 279 0 42 1
1292715656 485049 0 136555 0 228 130 0 108 5 2177 96 3 16 2 41371 0 279 0 42 1
1292804052 485049 0 136555 0 260 130 0 108 5 2177 96 3 16 2 41371 0 279 0 42 1
1292808245 485049 0 136555 0 263 130 0 108 5 2177 96 3 16 2 41371 0 279 0 42 1
1292871776 485049 0 136555 0 263 130 0 108 6 2177 96 3 16 2 41371 0 279 0 42 1
1292929993 485049 0 136555 0 263 130 0 108 13 2177 96 3 16 2 41371 0 279 0 42 1
1292965987 485049 0 136555 0 263 130 0 108 13 2177 96 3 16 2 41371 0 279 0 42 1
1292966035 485049 0 136555 0 263 130 0 108 13 2177 96 3 16 2 41371 0 279 0 42 1
1292966294 485049 0 136555 0 263 130 0 108 13 2177 96 3 16 2 41371 0 279 0 42 1
1292966808 485049 0 136555 0 263 130 0 108 13 2177 96 3 16 2 41371 0 279 0 42 1
1292966904 485049 0 136555 0 263 130 0 108 5706 2177 96 3 16 2 41371 0 279 0 42 1
1295833883 485052 0 136555 0 263 130 0 108 5706 2177 96 3 16 2 41371 0 279 0 42 1
1296780463 485125 0 136555 0 263 130 0 108 5706 2177 96 3 16 2 41371 0 279 0 42 1
1296780511 485127 0 136555 0 263 130 0 108 5706 2177 96 3 16 2 41371 0 279 0 42 1
1297281932 485129 0 136555 0 263 130 0 108 5706 2177 96 3 16 2 41371 0 279 0 42 1
1297282151 485132 0 136555 0 263 130 0 108 5706 2177 96 3 16 2 41371 0 279 0 42 1
1297738218 485132 0 136555 0 263 130 0 108 5706 2177 96 3 16 2 41371 0 279 0 42 1
1297762213 485193 0 136555 0 263 130 0 108 5706 2177 96 3 16 2 41371 0 279 0 42 1
1299208742 485197 0 136555 0 263 130 0 108 5706 2177 96 3 16 2 41371 0 279 0 42 1
1301034397 485211 0 136555 0 263 130 0 108 5706 2177 96 3 16 2 41371 0 279 0 42 1
1301034450 485218 0 136555 0 263 130 0 108 5706 2177 96 3 16 2 41371 0 279 0 42 1
1310186828 485234 0 136555 0 263 130 0 108 5706 2177 96 3 16 2 41371 0 279 0 42 1
1311383917 485244 0 136555 0 263 130 0 108 5706 2177 96 3 16 2 41371 0 279 0 42 1
1311386767 485251 0 136555 0 263 130 0 108 5706 2177 96 3 16 2 41371 0 279 0 42 1
1311386793 485255 0 136555 0 263 130 0 108 5706 2177 96 3 16 2 41371 0 279 0 42 1
1311386864 485256 0 136555 0 263 130 0 108 5706 2177 96 3 16 2 41371 0 279 0 42 1
1311387087 485276 0 136555 0 263 130 0 108 5706 2177 96 3 16 2 41371 0 279 0 42 1
1315877689 485279 0 136555 0 263 130 0 108 5706 2177 96 3 16 2 41371 0 279 0 42 1
1316523749 485279 0 136555 0 263 130 0 108 5706 2177 96 3 16 2 41371 0 279 0 42 1
1316635568 485279 0 136555 0 263 130 0 108 5706 2177 96 3 16 2 41371 0 279 0 42 1
1316893962 485279 0 136555 0 263 130 0 108 5706 2177 96 3 16 2 41371 0 279 1 42 1
1316926714 485279 0 136555 0 263 130 0 108 5706 2177 96 3 16 2 41371 0 279 1 42 1
1320338584 485279 0 136555 0 263 130 0 108 5706 2177 96 3 16 2 41371 0 279 1 42 1
1321142747 485282 0 136555 0 263 130 0 108 5706 2177 96 3 16 2 41371 0 279 1 42 1
1321143347 485287 0 136555 0 263 130 0 108 5706 2177 96 3 16 2 41371 0 279 1 42 1
1321143563 485290 0 136555 0 263 130 0 108 5706 2177 96 3 16 2 41371 0 279 1 42 1
1321147438 485291 0 136555 0 263 130 0 108 5706 2177 96 3 16 2 41371 0 279 1 42 1
1321148667 485294 0 136555 0 263 130 0 108 5706 2177 96 3 16 2 41371 0 279 1 42 1
1321148831 485295 0 136555 0 263 130 0 108 5706 2177 96 3 16 2 41371 0 279 1 42 1
1321149268 485297 0 136555 0 263 130 0 108 5706 2177 96 3 16 2 41371 0 279 1 42 1
1321149473 485299 0 136555 0 263 130 0 108 5706 2177 96 3 16 2 41371 0 279 1 42 1
1321203127 485301 0 136555 0 263 130 0 108 5706 2177 96 3 16 2 41371 0 279 1 42 1
1327053461 485301 0 136555 0 263 130 648 108 5706 2177 96 3 16 2 41371 0 279 1 42 1
1327057638 485301 0 136555 0 263 130 773 108 5706 2177 96 3 16 2 41371 0 279 1 42 1
1327062774 485301 0 136555 0 263 130 3838 108 5706 2177 96 3 16 2 41371 0 279 1 42 1
1327063455 485301 0 136555 0 263 130 3844 108 5706 2177 96 3 16 2 41371 0 279 1 42 1
1327065484 485301 0 136555 0 263 130 3848 108 5706 2177 96 3 16 2 41371 0 279 1 42 1
1327256952 485301 0 136555 0 263 130 3878 108 5706 2177 96 3 16 2 41371 0 279 1 42 1
1329603302 485308 0 136555 0 263 130 3878 108 5706 2177 96 3 16 2 41371 0 279 1 42 1
1329604750 486936 0 136555 0 263 130 3878 108 5706 2177 96 3 16 2 41371 0 279 1 42 1
1329605103 487073 0 136555 0 263 130 3878 108 5706 2177 96 3 16 2 41371 0 279 1 42 1
1329605376 487077 0 136555 0 263 130 3878 108 5706 2177 96 3 16 2 41371 0 279 1 42 1
1329605665 487080 0 136555 0 263 130 3878 108 5706 2177 96 3 16 2 41371 0 279 1 42 1
1329606533 487109 0 136555 0 263 130 3878 108 5706 2177 96 3 16 2 41371 0 279 1 42 1
1329606550 487110 0 136555 0 263 130 3878 108 5706 2177 96 3 16 2 41371 0 279 1 42 1
1329606600 487110 0 136555 0 263 130 3878 108 5706 2177 96 3 16 2 41371 0 279 1 42 1
1329606698 487110 0 136555 0 263 130 3878 108 5706 2177 96 3 16 2 41371 0 279 1 42 1
1329606795 487110 0 136555 0 263 130 3878 108 5706 2177 96 3 16 2 41371 0 279 1 42 1
1329607656 487121 0 136555 0 263 130 3878 108 5706 2177 96 3 16 2 41371 0 279 1 42 1
1329607707 487136 0 136555 0 263 130 3878 108 5706 2177 96 3 16 2 41371 0 279 1 42 1
1329609921 487138 0 136555 0 263 130 3878 108 5706 2177 96 3 16 2 41371 0 279 1 42 1
1329973304 487138 0 136555 0 263 130 3878 108 5706 2177 96 3 16 2 41371 0 279 1 42 1
1330198309 487172 0 136555 0 263 130 3878 108 5706 2177 96 3 16 2 41371 0 279 1 42 1
1330198341 487172 0 136555 0 263 130 3878 108 5706 2177 96 3 16 2 41371 0 279 1 42 1
1339863307 487172 0 136555 0 263 130 3878 108 5706 2177 96 3 16 2 41371 4 279 1 42 1
1339865896 487172 0 136555 0 263 130 3878 108 5706 2177 96 3 16 2 41371 8 279 1 42 1
1339888553 487172 0 136555 0 263 130 3878 108 5706 2177 96 3 16 2 41371 8 279 1 42 1
1339888609 487174 0 136555 0 263 130 3878 108 5706 2177 96 3 16 2 41371 8 279 1 42 1
1339888620 487174 0 136555 0 263 130 3878 108 5706 2177 96 3 16 2 41371 8 279 1 42 1
1339888952 487187 0 136555 0 263 130 3878 108 5706 2177 96 3 16 2 41371 8 279 1 42 1
1339888988 487187 0 136555 0 263 130 3878 108 5706 2177 96 3 16 2 41371 8 279 1 42 1
1339889073 487219 0 136555 0 263 130 3878 108 5706 2177 96 3 16 2 41371 8 279 1 42 1
1340944610 487219 0 136555 0 263 130 3878 108 5706 2177 96 3 16 2 41371 8 279 1 42 1
1340944691 487219 0 136555 104 263 130 3878 108 5706 2177 96 3 16 2 41371 8 279 1 42 1
1340945565 487219 0 136555 113 263 130 3878 108 5706 2177 96 3 16 2 41371 8 279 1 42 1
1340948882 487219 0 136555 224 263 130 3878 108 5706 2177 96 3 16 2 41371 8 279 1 42 1
1341687613 487219 0 136555 319 263 130 3878 108 5706 2177 96 3 16 2 41371 8 279 1 42 1
1341689168 487219 0 136555 320 263 130 3878 108 5706 2177 96 3 16 2 41371 8 279 1 42 1
1341696786 487219 0 136555 381 263 130 3878 108 5706 2177 96 3 16 2 41371 8 279 1 42 1
1341698694 487219 0 136555 386 263 130 3878 108 5706 2177 96 3 16 2 41371 8 279 1 42 1
1341700314 487219 0 136555 1201 263 130 3878 108 5706 2177 96 3 16 2 41371 8 279 1 42 1
1341701202 487219 0 136555 1211 263 130 3878 108 5706 2177 96 3 16 2 41371 8 279 1 42 1
1341702583 487219 0 136555 1228 263 130 3878 108 5706 2177 96 3 16 2 41371 8 279 1 42 1
1341734187 487219 0 136555 1354 263 130 3878 108 5706 2177 96 3 16 2 41371 8 279 1 42 1
1342070453 487219 0 136555 1359 263 130 3878 108 5706 2177 96 3 16 2 41371 8 279 1 42 1
1342071013 487219 0 136555 1360 263 130 3878 108 5706 2177 96 3 16 2 41371 8 279 1 42 1
1342071143 487219 0 136555 1360 263 130 3878 108 5706 2177 96 3 16 2 41371 8 279 1 42 1
1342073703 487219 0 136555 1363 263 130 3878 108 5706 2177 96 3 16 2 41371 8 279 1 42 1
1342114693 487219 0 136555 1668 263 130 3878 108 5706 2177 96 3 16 2 41371 8 279 1 42 1
1342114725 487219 0 136555 1668 263 130 3878 108 5706 2177 96 3 16 2 41371 8 279 1 42 1
1342160394 487219 0 136555 1834 263 130 3878 108 5706 2177 96 3 16 2 41371 8 279 1 42 1
1342293432 487219 0 136555 1900 263 130 3878 108 5706 2177 96 3 16 2 41371 8 279 1 42 1
1342294499 487219 0 136555 1925 263 130 3878 108 5706 2177 96 3 16 2 41371 8 279 1 42 1
1342296205 487219 0 136555 1925 263 130 3878 108 5706 2177 96 3 16 2 41371 8 279 1 42 1
1342297118 487219 0 136555 2267 263 130 3878 108 5706 2177 96 3 16 2 41371 8 279 1 42 1
1342299458 487219 0 136555 2280 263 130 3878 108 5706 2177 96 3 16 2 41371 8 279 1 42 1
1342299551 487219 0 136555 2282 263 130 3878 108 5706 2177 96 3 16 2 41371 8 279 1 42 1
1342299616 487219 0 136555 2284 263 130 3878 108 5706 2177 96 3 16 2 41371 8 279 1 42 1
1342299799 487219 0 136555 2285 263 130 3878 108 5706 2177 96 3 16 2 41371 8 279 1 42 1
1342303660 487219 0 136555 2299 263 130 3878 108 5706 2177 96 3 16 2 41371 8 279 1 42 1
1342306340 487219 0 136555 2301 263 130 3878 108 5706 2177 96 3 16 2 41371 8 279 1 42 1
1342306709 487219 0 136555 2302 263 130 3878 108 5706 2177 96 3 16 2 41371 8 279 1 42 1
1342306821 487219 0 136555 2303 263 130 3878 108 5706 2177 96 3 16 2 41371 8 279 1 42 1
1342307343 487219 0 136555 2305 263 130 3878 108 5706 2177 96 3 16 2 41371 8 279 1 42 1
1342307519 487219 0 136555 2819 263 130 3878 108 5706 2177 96 3 16 2 41371 8 279 1 42 1
1342312194 487219 0 136555 2850 263 130 3878 108 5706 2177 96 3 16 2 41371 8 279 1 42 1
1342312717 487219 0 136555 4393 263 130 3878 108 5706 2177 96 3 16 2 41371 8 279 1 42 1
1342312964 487219 0 136555 4394 263 130 3878 108 5706 2177 96 3 16 2 41371 8 279 1 42 1
1342312997 487219 0 136555 4394 263 130 3878 108 5706 2177 96 3 16 2 41371 8 279 1 42 1
1342321760 487219 0 136555 4396 263 130 3878 108 5706 2177 96 3 16 2 41371 8 279 1 42 1
1342420581 487219 0 136555 4401 263 130 3878 108 5706 2177 96 3 16 2 41371 8 279 1 42 1
1342421043 487219 0 136555 4402 263 130 3878 108 5706 2177 96 3 16 2 41371 8 279 1 42 1
1342753382 487219 0 136555 4934 263 130 3878 108 5706 2177 96 3 16 2 41371 8 279 1 42 1
1342754074 487219 0 136555 4939 263 130 3878 108 5706 2177 96 3 16 2 41371 8 279 1 42 1
1342754193 487219 0 136555 4943 263 130 3878 108 5706 2177 96 3 16 2 41371 8 279 1 42 1
1342754398 487219 0 136555 4943 263 130 3878 108 5706 2177 96 3 16 2 41371 8 279 1 42 1
1342754645 487219 0 136555 4943 263 130 3878 108 5706 2177 96 3 16 2 41371 8 279 1 42 1
1342755846 487219 0 136555 4991 263 130 3878 108 5706 2177 96 3 16 2 41371 8 279 1 42 1
1342756891 487219 0 136555 4994 263 130 3878 108 5706 2177 96 3 16 2 41371 8 279 1 42 1
1342763189 487219 0 136555 5017 263 130 3878 108 5706 2177 96 3 16 2 41371 8 279 1 42 1
1345318626 487219 0 136555 5786 263 130 3878 108 5706 2177 96 3 16 2 41371 8 279 1 42 1
1345437069 487219 0 136555 6694 263 130 3878 108 5706 2177 96 3 16 2 41371 8 279 1 42 1
1345928424 487219 20 136555 6694 263 130 3878 108 5706 2177 96 3 16 2 41371 8 279 1 42 1
1345936187 487219 20 136555 6694 263 130 3878 108 5706 2177 96 3 16 2 41371 8 279 1 42 1
1345936478 487219 55 136555 6694 263 130 3878 108 5706 2177 96 3 16 2 41371 8 279 1 42 1
1345936788 487219 58 136555 6694 263 130 3878 108 5706 2177 96 3 16 2 41371 8 279 1 42 1
1345943886 487219 125 136555 6694 263 130 3878 108 5706 2177 96 3 16 2 41371 8 279 1 42 1
1345945428 487219 235 136555 6694 263 130 3878 108 5706 2177 96 3 16 2 41371 8 279 1 42 1
1345966096 487219 303 136555 6694 263 130 3878 108 5706 2177 96 3 16 2 41371 8 279 1 42 1
1345967090 487219 327 136555 6694 263 130 3878 108 5706 2177 96 3 16 2 41371 8 279 1 42 1
1346085886 487219 383 136555 6694 263 130 3878 108 5706 2177 96 3 16 2 41371 8 279 1 42 1
1346086148 487219 383 136555 6694 263 130 3878 108 5706 2177 96 3 16 2 41371 8 279 1 42 1
1346086471 487219 384 136555 6694 263 130 3878 108 5706 2177 96 3 16 2 41371 8 279 1 42 1
1346086685 487219 393 136555 6694 263 130 3878 108 5706 2177 96 3 16 2 41371 8 279 1 42 1
1346088251 487219 401 136555 6694 263 130 3878 108 5706 2177 96 3 16 2 41371 8 279 1 42 1
1346089694 487219 415 136555 6694 263 130 3878 108 5706 2177 96 3 16 2 41371 8 279 1 42 1
1346090482 487219 416 136555 6694 263 130 3878 108 5706 2177 96 3 16 2 41371 8 279 1 42 1
1346103196 487219 417 136555 6694 263 130 3878 108 5706 2177 96 3 16 2 41371 8 279 1 42 1
1346103325 487219 419 136555 6694 263 130 3878 108 5706 2177 96 3 16 2 41371 8 279 1 42 1
1346103671 487219 421 136555 6694 263 130 3878 108 5706 2177 96 3 16 2 41371 8 279 1 42 1
1346546673 487219 424 136555 6694 263 130 3878 108 5706 2177 96 3 16 2 41371 8 279 1 42 1
1346562123 487219 430 136555 6694 263 130 3878 108 5706 2177 96 3 16 2 41371 8 279 1 42 1
1346563925 487219 1318 136555 6694 263 130 3878 108 5706 2177 96 3 16 2 41371 8 279 1 42 1
1346642435 487219 1329 136555 6694 263 130 3878 108 5706 2177 96 3 16 2 41371 8 279 1 42 1
1346903433 487219 1332 136555 6694 263 130 3878 108 5706 2177 96 3 16 2 41371 8 279 1 42 1
1347306987 487219 6894 136555 6694 263 130 3878 108 5706 2177 96 3 16 2 41371 8 279 1 42 1
1347389191 487219 6941 136555 6694 263 130 3878 108 5706 2177 96 3 16 2 41371 8 279 1 42 1
1347481246 487219 6948 136555 6694 263 130 3878 108 5706 2177 96 3 16 2 41371 8 279 1 42 1
1347481778 487219 6948 136555 6694 263 130 3878 108 5706 2177 96 3 16 2 41371 8 279 1 42 1
1347929413 487219 7007 136555 6694 263 130 3878 108 5706 2177 96 3 16 2 41371 8 279 1 42 1
1347930244 487219 7180 136555 6694 263 130 3878 108 5706 2177 96 3 16 2 41371 8 279 1 42 1
1347930948 487219 7203 136555 6694 263 130 3878 108 5706 2177 96 3 16 2 41371 8 279 1 42 1
1347953780 487219 7203 136555 6696 263 130 3878 108 5706 2177 96 3 16 2 41371 8 279 1 42 1
1347990890 487219 7207 136555 6696 263 130 3878 108 5706 2177 96 3 16 2 41371 8 279 1 42 1
1348015130 487219 7213 136555 6696 263 130 3878 108 5706 2177 96 3 16 2 41371 8 279 1 42 1
1348029038 487219 7214 136555 6696 263 130 3878 108 5706 2177 96 3 16 2 41371 8 279 1 42 1
1348029072 487219 7228 136555 6696 263 130 3878 108 5706 2177 96 3 16 2 41371 8 279 1 42 1
1348029192 487219 7228 136555 6696 263 130 3878 108 5706 2177 96 3 16 2 41371 8 279 1 42 1
1348029311 487219 7228 136555 6696 263 130 3878 108 5706 2177 96 3 16 2 41371 8 279 1 42 1
1348032599 487219 7234 136555 6696 263 130 3878 108 5706 2177 96 3 16 2 41371 8 279 1 42 1
1348076703 487219 7236 136555 6696 263 130 3878 108 5706 2177 96 3 16 2 41371 8 279 1 42 1
1348078577 487219 7238 136555 6696 263 130 3878 108 5706 2177 96 3 16 2 41371 8 279 1 42 1
1348079104 487219 7238 136555 6696 263 130 3878 108 5706 2177 96 3 16 2 41371 8 279 1 42 1
1348123067 487219 7261 136555 6696 263 130 3878 108 5706 2177 96 3 16 2 41371 8 279 1 42 1
1348305346 487219 7436 136555 6696 263 130 3878 108 5706 2177 96 3 16 2 41371 8 279 1 42 1
1348309983 487219 7447 136555 6696 263 130 3878 108 5706 2177 96 3 16 2 41371 8 279 1 42 1
1348352116 487219 7457 136555 6696 263 130 3878 108 5706 2177 96 3 16 2 41371 8 279 1 42 1
1348377157 487219 7474 136555 6696 263 130 3878 108 5706 2177 96 3 16 2 41371 8 279 1 42 1
1348796796 487219 7495 136555 6696 263 130 3878 108 5706 2177 96 3 16 2 41371 8 279 1 42 1
1348797639 487219 7509 136555 6696 263 130 3878 108 5706 2177 96 3 16 2 41371 8 279 1 42 1
1348798425 487219 7534 136555 6696 263 130 3878 108 5706 2177 96 3 16 2 41371 8 279 1 42 1
1348798860 487219 7535 136555 6696 263 130 3878 108 5706 2177 96 3 16 2 41371 8 279 1 42 1
1348875947 487219 7599 136555 6696 263 130 3878 108 5706 2177 96 3 16 2 41371 8 279 1 42 1
1348876983 487219 7615 136555 6696 263 130 3878 108 5706 2177 96 3 16 2 41371 8 279 1 42 1
1348877805 487219 7621 136555 6696 263 130 3878 108 5706 2177 96 3 16 2 41371 8 279 1 42 1
1348881172 487219 7627 136555 6696 263 130 3878 108 5706 2177 96 3 16 2 41371 8 279 1 42 1
1348952514 487219 7754 136555 6696 263 130 3878 108 5706 2177 96 3 16 2 41371 8 279 1 42 1
1348967453 487219 7918 136555 6696 263 130 3878 108 5706 2177 96 3 16 2 41371 8 279 1 42 1
1348979776 487219 7964 136555 6696 263 130 3878 108 5706 2177 96 3 16 2 41371 8 279 1 42 1
1348994691 487219 8018 136555 6696 263 130 3878 108 5706 2177 96 3 16 2 41371 8 279 1 42 1
1348995505 487219 8022 136555 6696 263 130 3878 108 5706 2177 96 3 16 2 41371 8 279 1 42 1
1349029952 487219 8053 136555 6696 263 130 3878 108 5706 2177 96 3 16 2 41371 8 279 1 42 1
1349030207 487219 8053 136555 6696 263 130 3878 108 5706 2177 96 3 16 2 41371 8 279 1 42 1
1349548702 487219 8158 136555 6696 263 130 3878 108 5706 2177 96 3 16 2 41371 8 279 1 42 1
1349556940 487219 8177 136555 6696 263 130 3878 108 5706 2177 96 3 16 2 41371 8 279 1 42 1
1349575872 487219 8215 136555 6696 263 130 3878 108 5706 2177 96 3 16 2 41371 8 279 1 42 1
1349650878 487219 8352 136555 6696 263 130 3878 108 5706 2177 96 3 16 2 41371 8 279 1 42 1
1349667453 487219 8447 136555 6696 263 130 3878 108 5706 2177 96 3 16 2 41371 8 279 1 42 1
1349804487 487219 8513 136555 6696 263 130 3878 108 5706 2177 96 3 16 2 41371 8 279 1 42 1
1349805437 487219 8518 136555 6696 263 130 3878 108 5706 2177 96 3 16 2 41371 8 279 1 42 1
1349824555 487219 8565 136555 6696 263 130 3878 108 5706 2177 96 3 16 2 41371 8 279 1 42 1
1349928222 487219 8565 136555 6697 263 130 3878 108 5706 2177 96 3 16 2 41371 8 279 1 42 1
1349931003 487219 8565 136555 6697 263 130 3878 108 5706 2177 96 3 16 2 41371 8 279 1 42 1
1349934019 487219 8565 136555 6698 263 130 3878 108 5706 2177 96 3 16 2 41371 8 279 1 42 1
1349978198 487219 8567 136555 6698 263 130 3878 108 5706 2177 96 3 16 2 41371 8 279 1 42 1
1349978324 487219 8567 136555 6698 263 130 3878 108 5706 2177 96 3 16 2 41371 8 279 1 42 1
1349979802 487219 8568 136555 6698 263 130 3878 108 5706 2177 96 3 16 2 41371 8 279 1 42 1
1349998116 487219 8572 136555 6698 263 130 3878 108 5706 2177 96 3 16 2 41371 8 279 1 42 1
1349999222 487219 161907 136555 6698 263 130 3878 108 5706 2177 96 3 16 2 41371 8 279 1 42 1
1350000172 487219 161909 136555 6698 263 130 3878 108 5706 2177 96 3 16 2 41371 8 279 1 42 1
1350168247 487219 162188 136555 6698 263 130 3878 108 5706 2177 96 3 16 2 41371 8 279 1 42 1
1350691311 487219 223101 136555 6698 263 130 3878 108 5706 2177 96 3 16 2 41371 8 279 1 42 1
1350701239 487219 223101 136555 6698 263 130 3878 108 5706 2177 96 3 16 2 41371 8 279 1 42 1
1350708888 487219 223102 136555 6698 263 130 3878 108 5706 2177 96 3 16 2 41371 8 279 1 42 1
1350769307 487219 223102 136555 6698 263 130 3878 108 5706 2177 96 3 16 2 41371 8 279 1 42 1
1350769385 487219 223131 136555 6698 263 130 3878 108 5706 2177 96 3 16 2 41371 8 279 1 42 1
1350769398 487219 223248 136555 6698 263 130 3878 108 5706 2177 96 3 16 2 41371 8 279 1 42 1
1350770504 487219 223253 136555 6698 263 130 3878 108 5706 2177 96 3 16 2 41371 8 279 1 42 1
1350771208 487219 223271 136555 6698 263 130 3878 108 5706 2177 96 3 16 2 41371 8 279 1 42 1
1350777417 487219 223274 136555 6698 263 130 3878 108 5706 2177 96 3 16 2 41371 8 279 1 42 1
1350784523 487219 223325 136555 6698 263 130 3878 108 5706 2177 96 3 16 2 41371 8 279 1 42 1
1350786675 487219 223409 136555 6698 263 130 3878 108 5706 2177 96 3 16 2 41371 8 279 1 42 1
1350851200 487219 223460 136555 6698 263 130 3878 108 5706 2177 96 3 16 2 41371 8 279 1 42 1
1350862968 487219 223475 136555 6698 263 130 3878 108 5706 2177 96 3 16 2 41371 8 279 1 42 1
1350863850 487219 223499 136555 6698 263 130 3878 108 5706 2177 96 3 16 2 41371 8 279 1 42 1
1350874938 487219 223510 136555 6698 263 130 3878 108 5706 2177 96 3 16 2 41371 8 279 1 42 1
1350887214 487219 223608 136555 6698 263 130 3878 108 5706 2177 96 3 16 2 41371 8 279 1 42 1
1350887335 487219 223608 136555 6698 263 130 3878 108 5706 2177 96 3 16 2 41371 8 279 1 42 1
1350888669 487219 223610 136555 6698 263 130 3878 108 5706 2177 96 3 16 2 41371 8 279 1 42 1
1350953929 487219 223613 136555 6698 263 130 3878 108 5706 2177 96 3 16 2 41371 8 279 1 42 1
1350953964 487219 223613 136555 6698 263 130 3878 108 5706 2177 96 3 16 2 41371 8 279 1 42 1
1351022221 487219 223622 136555 6698 263 130 3878 108 5706 2177 96 3 16 2 41371 8 279 1 42 1
1351309211 487219 223683 136555 6698 263 130 3878 108 5706 2177 96 3 16 2 41371 8 279 1 42 1
1351309835 487219 223684 136555 6698 263 130 3878 108 5706 2177 96 3 16 2 41371 8 279 1 42 1
1351381769 487219 223689 136555 6698 263 130 3878 108 5706 2177 96 3 16 2 41371 8 279 1 42 1
1351390817 487219 223757 136555 6698 263 130 3878 108 5706 2177 96 3 16 2 41371 8 279 1 42 1
1351390938 487219 223761 136555 6698 263 130 3878 108 5706 2177 96 3 16 2 41371 8 279 1 42 1
1351446459 487219 223805 136555 6698 263 130 3878 108 5706 2177 96 3 16 2 41371 8 279 1 42 1
1351712079 487219 224946 136555 6698 263 130 3878 108 5706 2177 96 3 16 2 41371 8 279 1 42 1
1351730383 487219 224956 136555 6698 263 130 3878 108 5706 2177 96 3 16 2 41371 8 279 1 42 1
1351731581 487219 224975 136555 6698 263 130 3878 108 5706 2177 96 3 16 2 41371 8 279 1 42 1
1351913023 487219 225101 136555 6698 263 130 3878 108 5706 2177 96 3 16 2 41371 8 279 1 42 1
1351983806 487219 225130 136555 6698 263 130 3878 108 5706 2177 96 3 16 2 41371 8 279 1 42 1
1351994706 487219 229171 136555 6698 263 130 3878 108 5706 2177 96 3 16 2 41371 8 279 1 42 1
1352092036 487219 229317 136555 6698 263 130 3878 108 5706 2177 96 3 16 2 41371 8 279 1 42 1
1354087729 487219 229760 136555 6698 263 130 3878 108 5706 2177 96 3 16 2 41371 8 279 1 42 1
1354992800 487219 229826 136555 6698 263 130 3878 108 5706 2177 96 3 16 2 41371 8 279 1 42 1
1354996539 487219 229838 136555 6698 263 130 3878 108 5706 2177 96 3 16 2 41371 8 279 1 42 1
1355000132 487219 229850 136555 6698 263 130 3878 108 5706 2177 96 3 16 2 41371 8 279 1 42 1
1355007876 487219 229899 136555 6698 263 130 3878 108 5706 2177 96 3 16 2 41371 8 279 1 42 1
1355011798 487219 229910 136555 6698 263 130 3878 108 5706 2177 96 3 16 2 41371 8 279 1 42 1
1355013252 487219 229942 136555 6698 263 130 3878 108 5706 2177 96 3 16 2 41371 8 279 1 42 1
1355014802 487219 230036 136555 6698 263 130 3878 108 5706 2177 96 3 16 2 41371 8 279 1 42 1
1355016144 487219 230065 136555 6698 263 130 3878 108 5706 2177 96 3 16 2 41371 8 279 1 42 1
1355019232 487219 230147 136555 6698 263 130 3878 108 5706 2177 96 3 16 2 41371 8 279 1 42 1
1355022098 487219 230158 136555 6698 263 130 3878 108 5706 2177 96 3 16 2 41371 8 279 1 42 1
1355023416 487219 230163 136555 6698 263 130 3878 108 5706 2177 96 3 16 2 41371 8 279 1 42 1
1355077364 487219 230179 136555 6698 263 130 3878 108 5706 2177 96 3 16 2 41371 8 279 1 42 1
1355078270 487219 230205 136555 6698 263 130 3878 108 5706 2177 96 3 16 2 41371 8 279 1 42 1
1355079357 487219 230452 136555 6698 263 130 3878 108 5706 2177 96 3 16 2 41371 8 279 1 42 1
1355089755 487219 230947 136555 6698 263 130 3878 108 5706 2177 96 3 16 2 41371 8 279 1 42 1
1355090631 487219 230963 136555 6698 263 130 3878 108 5706 2177 96 3 16 2 41371 8 279 1 42 1
1355093881 487219 231127 136555 6698 263 130 3878 108 5706 2177 96 3 16 2 41371 8 279 1 42 1
1355282805 487219 231258 136555 6698 263 130 3878 108 5706 2177 96 3 16 2 41371 8 279 1 42 1
1355284699 487219 231268 136555 6698 263 130 3878 108 5706 2177 96 3 16 2 41371 8 279 1 42 1
1355285273 487219 231271 136555 6698 263 130 3878 108 5706 2177 96 3 16 2 41371 8 279 1 42 1
1355608384 487219 231890 136555 6698 263 130 3878 108 5706 2177 96 3 16 2 41371 8 279 1 42 1
1355609199 487219 231892 136555 6698 263 130 3878 108 5706 2177 96 3 16 2 41371 8 279 1 42 1
1355610759 487219 231908 136555 6698 263 130 3878 108 5706 2177 96 3 16 2 41371 8 279 1 42 1
1355613624 487219 231924 136555 6698 263 130 3878 108 5706 2177 96 3 16 2 41371 8 279 1 42 1
1355615998 487219 232768 136555 6698 263 130 3878 108 5706 2177 96 3 16 2 41371 8 279 1 42 1
1355616426 487219 232769 136555 6698 263 130 3878 108 5706 2177 96 3 16 2 41371 8 279 1 42 1
1355620595 487219 233013 136555 6698 263 130 3878 108 5706 2177 96 3 16 2 41371 8 279 1 42 1
1355624074 487219 233038 136555 6698 263 130 3878 108 5706 2177 96 3 16 2 41371 8 279 1 42 1
1355625154 487219 233039 136555 6698 263 130 3878 108 5706 2177 96 3 16 2 41371 8 279 1 42 1
1355625348 487219 233072 136555 6698 263 130 3878 108 5706 2177 96 3 16 2 41371 8 279 1 42 1
1355626093 487219 233073 136555 6698 263 130 3878 108 5706 2177 96 3 16 2 41371 8 279 1 42 1
1355626230 487219 233074 136555 6698 263 130 3878 108 5706 2177 96 3 16 2 41371 8 279 1 42 1
1355633850 487219 233186 136555 6698 263 130 3878 108 5706 2177 96 3 16 2 41371 8 279 1 42 1
1355637513 487219 233205 136555 6698 263 130 3878 108 5706 2177 96 3 16 2 41371 8 279 1 42 1
1355637638 487219 233206 136555 6698 263 130 3878 108 5706 2177 96 3 16 2 41371 8 279 1 42 1
1355638593 487219 233207 136555 6698 263 130 3878 108 5706 2177 96 3 16 2 41371 8 279 1 42 1
1355638746 487219 233209 136555 6698 263 130 3878 108 5706 2177 96 3 16 2 41371 8 279 1 42 1
1355642295 487219 233267 136555 6698 263 130 3878 108 5706 2177 96 3 16 2 41371 8 279 1 42 1
1355648581 487219 233379 136555 6698 263 130 3878 108 5706 2177 96 3 16 2 41371 8 279 1 42 1
1355649486 487219 233396 136555 6698 263 130 3878 108 5706 2177 96 3 16 2 41371 8 279 1 42 1
1355685543 487219 233439 136555 6698 263 130 3878 108 5706 2177 96 3 16 2 41371 8 279 1 42 1
1355686373 487219 233442 136555 6698 263 130 3878 108 5706 2177 96 3 16 2 41371 8 279 1 42 1
1355686722 487219 233445 136555 6698 263 130 3878 108 5706 2177 96 3 16 2 41371 8 279 1 42 1
1355689843 487219 233450 136555 6698 263 130 3878 108 5706 2177 96 3 16 2 41371 8 279 1 42 1
1355691070 487219 233451 136555 6698 263 130 3878 108 5706 2177 96 3 16 2 41371 8 279 1 42 1
1355704839 487219 233559 136555 6698 263 130 3878 108 5706 2177 96 3 16 2 41371 8 279 1 42 1
1355707161 487219 233636 136555 6698 263 130 3878 108 5706 2177 96 3 16 2 41371 8 279 1 42 1
1355805060 487219 233636 136555 6713 263 130 3878 108 5706 2177 96 3 16 2 41371 8 279 1 42 1
1355805104 487219 233636 136555 6714 263 130 3878 108 5706 2177 96 3 16 2 41371 8 279 1 42 1
1355854158 487219 233910 136555 6714 263 130 3878 108 5706 2177 96 3 16 2 41371 8 279 1 42 1
1355854165 487219 233910 136555 6714 263 130 3878 108 5706 2177 96 3 16 2 41371 8 279 1 42 1
1355968690 487219 233919 136555 6714 263 130 3878 108 5706 2177 96 3 16 2 41371 8 279 1 42 1
1355969338 487219 233925 136555 6714 263 130 3878 108 5706 2177 96 3 16 2 41371 8 279 1 42 1
1356224101 487219 234292 136555 6714 263 130 3878 108 5706 2177 96 3 16 2 41371 8 279 1 42 1
1356224551 487219 234293 136555 6714 263 130 3878 108 5706 2177 96 3 16 2 41371 8 279 1 42 1
1356224880 487219 234305 136555 6714 263 130 3878 108 5706 2177 96 3 16 2 41371 8 279 1 42 1
1356225312 487219 234365 136555 6714 263 130 3878 108 5706 2177 96 3 16 2 41371 8 279 1 42 1
1356225780 487219 234365 136555 6714 263 130 3878 108 5706 2177 96 3 16 2 41371 8 279 1 42 1
1356227352 487219 234442 136555 6714 263 130 3878 108 5706 2177 96 3 16 2 41371 8 279 1 42 1
1356240932 487219 234451 136555 6714 263 130 3878 108 5706 2177 96 3 16 2 41371 8 279 1 42 1
1356251217 487219 234462 136555 6714 263 130 3878 108 5706 2177 96 3 16 2 41371 8 279 1 42 1
1356251592 487219 234467 136555 6714 263 130 3878 108 5706 2177 96 3 16 2 41371 8 279 1 42 1
1356294665 487219 234501 136555 6714 263 130 3878 108 5706 2177 96 3 16 2 41371 8 279 1 42 1
1356395173 487219 234506 136555 6714 263 130 3878 108 5706 2177 96 3 16 2 41371 8 279 1 42 1
1356395755 487219 234534 136555 6714 263 130 3878 108 5706 2177 96 3 16 2 41371 8 279 1 42 1
1356402219 487219 234569 136555 6714 263 130 3878 108 5706 2177 96 3 16 2 41371 8 279 1 42 1
1356505143 487219 234734 136555 6714 263 130 3878 108 5706 2177 96 3 16 2 41371 8 279 1 42 1
1356581570 487219 234748 136555 6714 263 130 3878 108 5706 2177 96 3 16 2 41371 8 279 1 42 1
1356587635 487219 234774 136555 6714 263 130 3878 108 5706 2177 96 3 16 2 41371 8 279 1 42 1
1356654893 487219 234868 136555 6714 263 130 3878 108 5706 2177 96 3 16 2 41371 8 279 1 42 1
1356673826 487219 234868 136555 6714 263 130 3878 108 5706 2177 96 3 16 2 41371 8 279 1 42 1
1356903623 487219 235646 136555 6714 263 130 3878 108 5706 2177 96 3 16 2 41371 8 279 1 42 1
1357419201 487219 236487 136555 6714 263 130 3878 108 5706 2177 96 3 16 2 41371 8 279 1 42 1
1357419756 487219 236518 136555 6714 263 130 3878 108 5706 2177 96 3 16 2 41371 8 279 1 42 1
1357439672 487219 236645 136555 6714 263 130 3878 108 5706 2177 96 3 16 2 41371 8 279 1 42 1
1357504334 487219 236759 136555 6714 263 130 3878 108 5706 2177 96 3 16 2 41371 8 279 1 42 1
1357607812 487219 236787 136555 6714 263 130 3878 108 5706 2177 96 3 16 2 41371 8 279 1 42 1
1357687642 487219 236990 136555 6714 263 130 3878 108 5706 2177 96 3 16 2 41371 8 279 1 42 1
1358293144 487219 244353 136555 6714 263 130 3878 108 5706 2177 96 3 16 2 41371 8 279 1 42 1
1358293720 487219 244354 136555 6714 263 130 3878 108 5706 2177 96 3 16 2 41371 8 279 1 42 1
1358294201 487219 244357 136555 6714 263 130 3878 108 5706 2177 96 3 16 2 41371 8 279 1 42 1
1358295690 487219 244371 136555 6714 263 130 3878 108 5706 2177 96 3 16 2 41371 8 279 1 42 1
1358386143 487219 244429 136555 6714 263 130 3878 108 5706 2177 96 3 16 2 41371 8 279 1 42 1
1358386665 487219 244429 136555 6714 263 130 3878 108 5706 2177 96 3 16 2 41371 8 279 1 42 1
1358389378 487219 244488 136555 6714 263 130 3878 108 5706 2177 96 3 16 2 41371 8 279 1 42 1
1358391783 487219 244592 136555 6714 263 130 3878 108 5706 2177 96 3 16 2 41371 8 279 1 42 1
1358450441 487219 244606 136555 6714 263 130 3878 108 5706 2177 96 3 16 2 41371 8 279 1 42 1
1358451124 487219 244617 136555 6714 263 130 3878 108 5706 2177 96 3 16 2 41371 8 279 1 42 1
1358565654 487219 244655 136555 6714 263 130 3878 108 5706 2177 96 3 16 2 41371 8 279 1 42 1
1359838550 487219 245253 136555 6714 263 130 3878 108 5706 2177 96 3 16 2 41371 8 279 1 42 1
1359839339 487219 245851 136555 6714 263 130 3878 108 5706 2177 96 3 16 2 41371 8 279 1 42 1
1359860561 487219 245853 136555 6714 263 130 3878 108 5706 2177 96 3 16 2 41371 8 279 1 42 1
1359876142 487219 246688 136555 6714 263 130 3878 108 5706 2177 96 3 16 2 41371 8 279 1 42 1
1359919647 487219 246707 136555 6714 263 130 3878 108 5706 2177 96 3 16 2 41371 8 279 1 42 1
1359942402 487219 247044 136555 6714 263 130 3878 108 5706 2177 96 3 16 2 41371 8 279 1 42 1
1359942646 487219 247047 136555 6714 263 130 3878 108 5706 2177 96 3 16 2 41371 8 279 1 42 1
1360001468 487219 247109 136555 6714 263 130 3878 108 5706 2177 96 3 16 2 41371 8 279 1 42 1
1360007036 487219 247131 136555 6714 263 130 3878 108 5706 2177 96 3 16 2 41371 8 279 1 42 1
1360007355 487219 247132 136555 6714 263 130 3878 108 5706 2177 96 3 16 2 41371 8 279 1 42 1
1360007776 487219 247132 136555 6714 263 130 3878 108 5706 2177 96 3 16 2 41371 8 279 1 42 1
1360015511 487219 247133 136555 6714 263 130 3878 108 5706 2177 96 3 16 2 41371 8 279 1 42 1
1360016373 487219 247134 136555 6714 263 130 3878 108 5706 2177 96 3 16 2 41371 8 279 1 42 1
1360019155 487219 247195 136555 6714 263 130 3878 108 5706 2177 96 3 16 2 41371 8 279 1 42 1
1360019922 487219 247198 136555 6714 263 130 3878 108 5706 2177 96 3 16 2 41371 8 279 1 42 1
1360020250 487219 247199 136555 6714 263 130 3878 108 5706 2177 96 3 16 2 41371 8 279 1 42 1
1360020648 487219 247200 136555 6714 263 130 3878 108 5706 2177 96 3 16 2 41371 8 279 1 42 1
1360023446 487219 247208 136555 6714 263 130 3878 108 5706 2177 96 3 16 2 41371 8 279 1 42 1
1360091900 487219 247215 136555 6714 263 130 3878 108 5706 2177 96 3 16 2 41371 8 279 1 42 1
1361564226 487219 247539 136555 6714 263 130 3878 108 5706 2177 96 3 16 2 41371 8 279 1 42 1
1361570934 487219 247541 136555 6714 263 130 3878 108 5706 2177 96 3 16 2 41371 8 279 1 42 1
1361601744 487219 247553 136555 6714 263 130 3878 108 5706 2177 96 3 16 2 41371 8 279 1 42 1
1361659907 487219 247567 136555 6714 263 130 3878 108 5706 2177 96 3 16 2 41371 8 279 1 42 1
1361662624 487219 247618 136555 6714 263 130 3878 108 5706 2177 96 3 16 2 41371 8 279 1 42 1
1361677596 487219 247701 136555 6714 263 130 3878 108 5706 2177 96 3 16 2 41371 8 279 1 42 1
1361743480 487219 247861 136555 6714 263 130 3878 108 5706 2177 96 3 16 2 41371 8 279 1 42 1
1361746224 487219 247862 136555 6714 263 130 3878 108 5706 2177 96 3 16 2 41371 8 279 1 42 1
1361988599 487219 248136 136555 6714 263 130 3878 108 5706 2177 96 3 16 2 41371 8 279 1 42 1
1362156492 487219 257688 136555 6714 263 130 3878 108 5706 2177 96 3 16 2 41371 8 279 1 42 1
1362157448 487219 257788 136555 6714 263 130 3878 108 5706 2177 96 3 16 2 41371 8 279 1 42 1
1362157710 487219 257816 136555 6714 263 130 3878 108 5706 2177 96 3 16 2 41371 8 279 1 42 1
1362158525 487219 257816 136555 6714 263 130 3878 108 5706 2177 96 3 16 2 41371 8 279 1 42 1
1362158876 487219 257816 136555 6714 263 130 3878 108 5706 2177 96 3 16 2 41371 8 279 1 42 1
1362160254 487219 257823 136555 6714 263 130 3878 108 5706 2177 96 3 16 2 41371 8 279 1 42 1
1362184551 487219 257929 136555 6714 263 130 3878 108 5706 2177 96 3 16 2 41371 8 279 1 42 1
1362192275 487219 257950 136555 6714 263 130 3878 108 5706 2177 96 3 16 2 41371 8 279 1 42 1
1362252279 487219 258032 136555 6714 263 130 3878 108 5706 2177 96 3 16 2 41371 8 279 1 42 1
1362713258 487219 258231 136555 6714 263 130 3878 108 5706 2177 96 3 16 2 41371 8 279 1 42 1
1362713473 487219 258237 136555 6714 263 130 3878 108 5706 2177 96 3 16 2 41371 8 279 1 42 1
1362723154 487219 258244 136555 6714 263 130 3878 108 5706 2177 96 3 16 2 41371 8 279 1 42 1
1362855779 487219 258246 136555 6714 263 130 3878 108 5706 2177 96 3 16 2 41371 8 279 1 42 1
1362856687 487219 258248 136555 6714 263 130 3878 108 5706 2177 96 3 16 2 41371 8 279 1 42 1
1362857884 487219 258546 136555 6714 263 130 3878 108 5706 2177 96 3 16 2 41371 8 279 1 42 1
1362863006 487219 258564 136555 6714 263 130 3878 108 5706 2177 96 3 16 2 41371 8 279 1 42 1
1362864424 487219 258568 136555 6714 263 130 3878 108 5706 2177 96 3 16 2 41371 8 279 1 42 1
1362867139 487219 258568 136555 6714 263 130 3878 108 5706 2177 96 3 16 2 41371 8 279 1 42 1
1362874871 487219 258579 136555 6714 263 130 3878 108 5706 2177 96 3 16 2 41371 8 279 1 42 1
1362876168 487219 258582 136555 6714 263 130 3878 108 5706 2177 96 3 16 2 41371 8 279 1 42 1
1362984295 487219 259762 136555 6714 263 130 3878 108 5706 2177 96 3 16 2 41371 8 279 1 42 1
1363017944 487219 259771 136555 6714 263 130 3878 108 5706 2177 96 3 16 2 41371 8 279 1 42 1
1363042396 487219 259801 136555 6714 263 130 3878 108 5706 2177 96 3 16 2 41371 8 279 1 42 1
1363043450 487219 259856 136555 6714 263 130 3878 108 5706 2177 96 3 16 2 41371 8 279 1 42 1
1363044224 487219 259859 136555 6714 263 130 3878 108 5706 2177 96 3 16 2 41371 8 279 1 42 1
1363044828 487219 259864 136555 6714 263 130 3878 108 5706 2177 96 3 16 2 41371 8 279 1 42 1
1363046556 487219 259869 136555 6714 263 130 3878 108 5706 2177 96 3 16 2 41371 8 279 1 42 1
1363161058 487219 259874 136555 6714 263 130 3878 108 5706 2177 96 3 16 2 41371 8 279 1 42 1
1363194873 487219 260194 136555 6714 263 130 3878 108 5706 2177 96 3 16 2 41371 8 279 1 42 1
1363214118 487219 260246 136555 6714 263 130 3878 108 5706 2177 96 3 16 2 41371 8 279 1 42 1
1363214230 487219 260254 136555 6714 263 130 3878 108 5706 2177 96 3 16 2 41371 8 279 1 42 1
1363221816 487219 260320 136555 6714 263 130 3878 108 5706 2177 96 3 16 2 41371 8 279 1 42 1
1363223018 487219 260344 136555 6714 263 130 3878 108 5706 2177 96 3 16 2 41371 8 279 1 42 1
1363243944 487219 260356 136555 6714 263 130 3878 108 5706 2177 96 3 16 2 41371 8 279 1 42 1
1363293787 487219 260375 136555 6714 263 130 3878 108 5706 2177 96 3 16 2 41371 8 279 1 42 1
1363300933 487219 260436 136555 6714 263 130 3878 108 5706 2177 96 3 16 2 41371 8 279 1 42 1
1363659317 487219 260469 136555 6714 263 130 3878 108 5706 2177 96 3 16 2 41371 8 279 1 42 1
1363834181 487219 261955 136555 6714 263 130 3878 108 5706 2177 96 3 16 2 41371 8 279 1 42 1
1363889554 487219 261957 136555 6714 263 130 3878 108 5706 2177 96 3 16 2 41371 8 279 1 42 1
1363894033 487219 261957 136555 6715 263 130 3878 108 5706 2177 96 3 16 2 41371 8 279 1 42 1
1363984718 487219 261989 136555 6715 263 130 3878 108 5706 2177 96 3 16 2 41371 8 279 1 42 1
1363984763 487219 261989 136555 6715 263 130 3878 108 5706 2177 96 3 16 2 41371 8 279 1 42 1
1363985209 487219 261994 136555 6715 263 130 3878 108 5706 2177 96 3 16 2 41371 8 279 1 42 1
1364264944 487219 266231 136555 6715 263 130 3878 108 5706 2177 96 3 16 2 41371 8 279 1 42 1
1364265061 487219 266236 136555 6715 263 130 3878 108 5706 2177 96 3 16 2 41371 8 279 1 42 1
1364312404 487219 268436 136555 6715 263 130 3878 108 5706 2177 96 3 16 2 41371 8 279 1 42 1
1364312547 487219 268436 136555 6715 263 130 3878 108 5706 2177 96 3 16 2 41371 8 279 1 42 1
1364313573 487219 268452 136555 6715 263 130 3878 108 5706 2177 96 3 16 2 41371 8 279 1 42 1
1364313994 487219 270588 136555 6715 263 130 3878 108 5706 2177 96 3 16 2 41371 8 279 1 42 1
1364319492 487219 270623 136555 6715 263 130 3878 108 5706 2177 96 3 16 2 41371 8 279 1 42 1
1364326498 487219 270634 136555 6715 263 130 3878 108 5706 2177 96 3 16 2 41371 8 279 1 42 1
1364339936 487219 270652 136555 6715 263 130 3878 108 5706 2177 96 3 16 2 41371 8 279 1 42 1
1364352413 487219 270664 136555 6715 263 130 3878 108 5706 2177 96 3 16 2 41371 8 279 1 42 1
1364492747 487219 270990 136555 6715 263 130 3878 108 5706 2177 96 3 16 2 41371 8 279 1 42 1
1364492869 487219 270995 136555 6715 263 130 3878 108 5706 2177 96 3 16 2 41371 8 279 1 42 1
1364497956 487219 271100 136555 6715 263 130 3878 108 5706 2177 96 3 16 2 41371 8 279 1 42 1
1364502014 487219 271147 136555 6715 263 130 3878 108 5706 2177 96 3 16 2 41371 8 279 1 42 1
1364512231 487219 271206 136555 6715 263 130 3878 108 5706 2177 96 3 16 2 41371 8 279 1 42 1
1364514977 487219 271219 136555 6715 263 130 3878 108 5706 2177 96 3 16 2 41371 8 279 1 42 1
1364516453 487219 271220 136555 6715 263 130 3878 108 5706 2177 96 3 16 2 41371 8 279 1 42 1
1364516969 487219 271221 136555 6715 263 130 3878 108 5706 2177 96 3 16 2 41371 8 279 1 42 1
1364531320 487219 271227 136555 6715 263 130 3878 108 5706 2177 96 3 16 2 41371 8 279 1 42 1
